1	03001	10	11	12	13	26	28	11	100	16.67	20	2	4	-2	0	1	2	4	-2	6	4	3	1	18	13	0	0	0
1	03002	04	09	19	20	21	26	12	99	16.50	29	3	3	0	1	0	4	2	2	5	7	2	1	22	10	0	1	1
1	03003	01	07	10	23	28	32	16	101	16.83	21	3	3	0	1	1	3	3	0	6	8	0	0	31	13	0	0	1
1	03004	04	06	07	10	13	25	03	65	10.83	25	3	3	0	1	1	1	5	-4	6	7	1	1	21	12	0	2	1
1	03005	04	06	15	17	30	31	16	103	17.17	23	3	3	0	1	1	3	3	0	6	7	1	1	27	13	2	2	1
1	03006	01	03	10	21	26	27	06	88	14.67	18	4	2	2	1	0	3	3	0	5	10	1	1	26	11	0	0	1
1	03007	01	09	19	21	23	26	07	99	16.50	29	5	1	4	4	0	4	2	2	4	9	0	0	25	10	2	3	2
1	03008	05	08	09	14	17	23	08	76	12.67	36	4	2	2	1	0	2	4	-2	6	6	1	1	18	6	0	2	1
1	03009	05	09	18	20	22	30	09	104	17.33	24	2	4	-2	1	3	4	2	2	5	7	0	0	25	9	1	2	3
1	03010	01	02	08	13	17	24	13	65	10.83	25	3	3	0	1	1	2	4	-2	6	7	1	1	23	7	0	0	2
1	03011	04	05	11	12	30	32	15	94	15.67	14	2	4	-2	1	2	2	4	-2	5	8	2	2	28	18	0	0	1
1	03012	02	12	16	17	27	30	12	104	17.33	24	2	4	-2	1	2	3	3	0	4	7	1	1	28	10	0	2	1
1	03013	08	13	17	21	23	32	12	114	19.00	24	4	2	2	3	0	4	2	2	5	7	0	0	24	9	0	1	2
1	03014	03	05	07	08	21	31	02	75	12.50	25	5	1	4	3	0	2	4	-2	5	9	1	1	28	13	0	2	2
1	03015	04	11	19	25	26	32	13	117	19.50	27	3	3	0	2	1	4	2	2	6	5	1	1	28	8	0	0	2
1	03016	11	17	28	30	31	33	06	150	25.00	20	4	2	2	2	1	5	1	4	5	8	1	1	22	11	0	1	2
1	03017	05	08	18	23	25	31	06	110	18.33	30	4	2	2	2	1	4	2	2	4	9	0	0	26	10	0	1	2
1	03018	05	16	19	20	25	28	13	113	18.83	33	3	3	0	0	0	4	2	2	5	8	1	1	23	11	2	2	1
1	03019	04	08	12	13	16	33	09	86	14.33	26	2	4	-2	0	2	1	5	-4	5	7	1	1	29	17	0	1	1
1	03020	07	10	25	26	27	32	04	127	21.17	27	3	3	0	0	0	4	2	2	5	9	2	1	25	15	0	0	2
1	03021	14	15	18	25	26	30	01	128	21.33	28	2	4	-2	0	1	4	2	2	5	6	2	2	16	7	0	2	2
1	03022	02	07	11	12	14	32	08	78	13.00	18	2	4	-2	1	2	1	5	-4	4	9	1	1	30	18	0	1	1
1	03023	01	10	20	22	26	31	02	110	18.33	10	2	4	-2	0	3	4	2	2	4	8	0	0	30	10	0	0	3
1	03024	02	07	15	17	22	30	14	93	15.50	23	3	3	0	2	1	3	3	0	4	5	0	0	28	8	0	1	2
1	03025	01	05	11	13	14	27	12	71	11.83	21	5	1	4	3	0	1	5	-4	5	9	1	1	26	13	0	0	2
1	03026	08	13	15	26	29	31	16	122	20.33	32	4	2	2	2	0	3	3	0	6	6	0	0	23	11	0	1	3
1	03027	01	11	14	17	27	28	15	98	16.33	28	4	2	2	2	0	3	3	0	4	6	1	1	27	10	0	0	3
1	03028	06	13	16	20	28	32	07	115	19.17	25	1	5	-4	0	3	3	3	0	5	7	0	0	26	8	0	1	3
1	03029	02	07	15	26	29	32	10	111	18.50	31	3	3	0	1	0	3	3	0	5	9	0	0	30	11	1	1	3
1	03030	02	06	13	14	23	27	07	85	14.17	25	3	3	0	1	1	2	4	-2	5	8	1	1	25	9	1	1	3
1	03031	11	17	20	22	28	32	01	130	21.67	20	2	4	-2	1	3	5	1	4	5	8	0	0	21	6	0	0	2
1	03032	04	11	25	27	29	30	13	126	21.00	26	4	2	2	3	0	4	2	2	6	9	1	1	26	14	0	1	2
1	03033	01	07	14	20	27	30	10	99	16.50	19	3	3	0	1	1	3	3	0	4	6	0	0	29	7	1	2	1
1	03034	08	13	14	16	23	25	14	99	16.50	29	3	3	0	1	1	2	4	-2	5	8	1	1	17	7	1	1	2
1	03035	03	04	05	08	10	11	08	41	6.83	21	3	3	0	0	1	0	6	-6	6	3	3	2	8	3	0	1	0
1	03036	07	21	24	25	27	28	15	132	22.00	32	4	2	2	2	0	5	1	4	5	6	2	2	21	14	0	0	1
1	03037	09	14	17	18	26	32	07	116	19.33	36	2	4	-2	0	2	4	2	2	6	8	1	1	23	8	0	0	1
1	03038	05	07	08	24	25	27	16	96	16.00	36	4	2	2	2	1	3	3	0	4	4	2	2	22	16	0	0	3
1	03039	03	05	23	24	27	32	03	114	19.00	24	4	2	2	2	0	4	2	2	5	10	1	1	29	18	1	3	2
1	03040	04	05	06	12	14	23	16	64	10.67	24	2	4	-2	0	2	1	5	-4	5	6	2	1	19	9	1	2	3
1	03041	02	03	17	18	24	25	11	89	14.83	29	3	3	0	1	1	4	2	2	6	5	3	3	23	14	0	0	2
1	03042	03	05	07	10	15	20	07	60	10.00	20	4	2	2	2	0	1	5	-4	4	6	0	0	17	5	0	1	1
1	03043	02	08	10	19	20	32	13	91	15.17	21	1	5	-4	0	3	3	3	0	4	9	1	1	30	12	0	2	3
1	03044	02	05	09	16	32	33	15	97	16.17	27	3	3	0	1	1	2	4	-2	5	9	1	1	31	16	1	2	2
1	03045	03	07	14	15	17	32	03	88	14.67	28	4	2	2	2	0	2	4	-2	5	10	1	1	29	15	0	1	4
1	03046	07	08	10	11	17	26	11	79	13.17	29	3	3	0	1	1	2	4	-2	5	7	2	2	19	9	1	2	1
1	03047	03	17	26	28	32	33	16	139	23.17	29	3	3	0	1	2	5	1	4	5	10	1	1	30	14	0	2	0
1	03048	10	12	20	28	30	31	09	131	21.83	11	1	5	-4	0	4	4	2	2	4	6	1	1	21	8	1	1	1
1	03049	03	06	07	13	24	25	15	78	13.00	28	4	2	2	1	0	2	4	-2	5	8	2	2	22	11	0	0	1
1	03050	02	08	17	23	24	26	13	100	16.67	30	2	4	-2	1	2	4	2	2	6	7	1	1	24	9	1	1	5
1	03051	04	13	15	17	24	27	01	100	16.67	30	4	2	2	2	0	3	3	0	4	7	0	0	23	9	1	2	2
1	03052	01	12	13	23	30	31	11	110	18.33	10	4	2	2	1	0	3	3	0	4	7	2	2	30	11	0	1	2
1	03053	15	19	20	21	28	29	13	132	22.00	32	4	2	2	1	0	5	1	4	5	6	3	2	14	7	0	0	1
1	03054	02	05	09	21	31	33	12	101	16.83	21	5	1	4	4	0	3	3	0	5	9	0	0	31	12	1	1	1
1	03055	06	13	16	21	28	31	16	115	19.17	25	3	3	0	0	0	3	3	0	4	5	0	0	25	7	1	2	1
1	03056	08	17	21	26	28	29	07	129	21.50	39	3	3	0	1	1	5	1	4	5	9	1	1	21	9	1	2	2
1	03057	18	19	24	25	30	31	16	147	24.50	27	3	3	0	0	0	6	0	6	6	2	3	3	13	5	0	0	3
1	03058	09	11	16	28	32	33	02	129	21.50	29	3	3	0	1	2	3	3	0	6	8	1	1	24	12	0	0	1
1	03059	02	03	05	06	18	30	04	64	10.67	24	2	4	-2	1	2	2	4	-2	6	7	2	2	28	12	0	0	0
1	03060	02	04	06	17	21	28	11	78	13.00	28	2	4	-2	1	2	3	3	0	6	6	0	0	26	11	1	2	4
1	03061	03	05	20	21	28	32	02	109	18.17	19	3	3	0	1	1	4	2	2	6	10	1	1	29	15	0	2	3
1	03062	01	06	12	19	20	32	14	90	15.00	20	2	4	-2	0	2	3	3	0	5	9	1	1	31	12	1	2	3
1	03063	05	08	09	14	21	33	11	90	15.00	30	4	2	2	1	0	2	4	-2	6	9	1	1	28	12	0	0	3
1	03064	04	06	08	12	15	30	01	75	12.50	25	1	5	-4	0	3	1	5	-4	6	8	0	0	26	15	0	1	4
1	03065	06	15	16	17	30	33	11	117	19.50	27	3	3	0	0	0	3	3	0	5	9	2	1	27	13	0	3	1
1	03066	03	07	08	20	24	32	14	94	15.67	24	2	4	-2	1	3	3	3	0	6	7	1	1	29	12	0	0	2
1	03067	05	11	12	13	27	31	10	99	16.50	19	5	1	4	3	0	2	4	-2	5	9	2	1	26	14	0	0	1
1	03068	09	19	25	27	32	33	11	145	24.17	35	5	1	4	3	0	5	1	4	5	8	1	1	24	10	0	1	1
1	03069	07	11	16	19	26	28	11	107	17.83	37	3	3	0	1	1	3	3	0	5	8	0	0	21	7	0	1	2
1	03070	01	02	04	17	18	19	08	61	10.17	31	3	3	0	0	1	3	3	0	6	4	3	2	18	13	0	1	2
1	03071	09	11	12	14	15	33	11	94	15.67	24	4	2	2	2	1	1	5	-4	6	6	2	2	24	18	0	0	0
1	03072	03	06	08	11	19	27	11	74	12.33	34	4	2	2	2	1	2	4	-2	6	5	0	0	24	8	0	1	2
1	03073	02	12	14	21	23	30	13	102	17.00	12	2	4	-2	1	2	3	3	0	5	6	0	0	28	10	0	0	2
1	03074	02	12	19	22	27	32	01	114	19.00	24	2	4	-2	0	1	4	2	2	3	6	0	0	30	10	2	2	1
1	03075	16	17	19	22	31	33	11	138	23.00	28	4	2	2	2	0	5	1	4	6	7	1	1	17	9	2	2	2
1	03076	01	13	16	18	20	29	02	97	16.17	27	3	3	0	1	2	3	3	0	6	9	0	0	28	12	0	1	3
1	03077	04	12	16	22	24	25	06	103	17.17	23	1	5	-4	0	4	3	3	0	4	8	1	1	21	8	1	1	1
1	03078	07	12	23	26	29	30	11	127	21.17	27	3	3	0	0	0	4	2	2	6	9	1	1	23	11	1	1	2
1	03079	12	15	22	23	26	31	04	129	21.50	19	3	3	0	0	0	4	2	2	5	7	1	1	19	7	0	3	2
1	03080	09	20	24	25	28	30	10	136	22.67	26	2	4	-2	0	2	5	1	4	5	8	1	1	21	11	0	0	3
1	03081	01	02	14	26	29	30	07	102	17.00	22	2	4	-2	0	2	3	3	0	6	7	2	2	29	12	1	1	2
1	03082	07	17	18	19	30	31	14	122	20.33	32	4	2	2	1	0	5	1	4	5	4	3	2	24	11	0	1	2
1	03083	01	03	14	18	26	28	01	90	15.00	30	2	4	-2	1	3	3	3	0	5	8	0	0	27	11	0	1	1
1	03084	02	06	07	10	17	33	03	75	12.50	25	3	3	0	1	1	2	4	-2	5	9	1	1	31	16	0	0	2
1	03085	01	04	11	12	19	27	14	74	12.33	24	4	2	2	1	0	2	4	-2	5	6	1	1	26	8	0	0	2
1	03086	05	12	16	18	26	30	13	107	17.83	27	1	5	-4	0	4	3	3	0	5	8	0	0	25	8	0	1	4
1	03087	02	03	04	05	24	28	13	66	11.00	26	2	4	-2	0	1	2	4	-2	5	7	3	1	26	19	0	1	1
1	03088	03	10	21	22	24	33	12	113	18.83	13	3	3	0	0	1	4	2	2	5	8	1	1	30	11	1	2	1
1	03089	18	19	21	26	27	33	16	144	24.00	34	4	2	2	2	0	6	0	6	6	6	2	2	15	6	2	2	1
1	04001	01	02	03	07	10	25	07	48	8.00	18	4	2	2	1	0	1	5	-4	6	9	2	1	24	15	0	0	1
1	04002	10	12	18	22	30	31	11	123	20.50	13	1	5	-4	0	4	4	2	2	4	8	1	1	21	8	0	1	0
1	04003	03	05	06	17	26	33	08	90	15.00	30	4	2	2	1	0	3	3	0	4	10	1	1	30	11	0	0	1
1	04004	10	19	22	23	25	29	09	128	21.33	28	4	2	2	2	0	5	1	4	5	7	1	1	19	9	0	0	1
1	04005	09	11	13	16	17	18	07	84	14.00	34	4	2	2	2	0	2	4	-2	6	4	2	1	9	3	0	0	3
1	04006	04	12	18	20	23	32	06	109	18.17	19	1	5	-4	0	3	4	2	2	5	8	0	0	28	9	0	1	2
1	04007	04	12	17	20	25	28	09	106	17.67	26	2	4	-2	0	1	4	2	2	6	3	0	0	24	8	3	3	1
1	04008	01	07	10	22	32	33	13	105	17.50	15	3	3	0	1	2	3	3	0	5	10	1	1	32	12	0	0	0
1	04009	01	09	10	16	22	24	11	82	13.67	22	2	4	-2	1	3	2	4	-2	6	7	1	1	23	8	2	3	1
1	04010	06	07	08	13	14	19	15	67	11.17	37	3	3	0	0	0	1	5	-4	6	4	3	2	13	5	0	0	1
1	04011	01	04	13	23	28	30	03	99	16.50	19	3	3	0	1	1	3	3	0	5	10	0	0	29	10	0	1	1
1	04012	01	07	27	30	31	33	08	129	21.50	19	5	1	4	3	0	4	2	2	4	7	1	1	32	20	1	2	2
1	04013	12	14	21	29	30	32	13	138	23.00	18	2	4	-2	1	2	4	2	2	5	7	1	1	20	8	0	1	3
1	04014	03	07	11	17	20	26	12	84	14.00	24	4	2	2	3	1	3	3	0	5	7	0	0	23	6	0	0	2
1	04015	01	03	05	18	22	23	13	72	12.00	22	4	2	2	2	1	3	3	0	5	7	1	1	22	13	0	1	1
1	04016	04	07	08	28	30	32	05	109	18.17	29	1	5	-4	0	3	3	3	0	5	7	1	1	28	20	0	0	1
1	04017	05	12	14	15	25	31	09	102	17.00	22	4	2	2	2	1	2	4	-2	4	9	1	1	26	10	0	0	2
1	04018	02	05	06	08	28	30	06	79	13.17	29	1	5	-4	0	3	2	4	-2	5	7	1	1	28	20	0	1	2
1	04019	05	10	11	23	24	32	04	105	17.50	15	3	3	0	1	1	3	3	0	6	8	2	2	27	12	0	1	1
1	04020	01	02	09	22	28	31	04	93	15.50	23	3	3	0	0	1	3	3	0	4	10	1	1	30	13	0	0	3
1	04021	05	09	11	17	26	27	10	95	15.83	35	5	1	4	3	0	3	3	0	5	9	1	1	22	9	0	1	1
1	04022	03	10	14	19	20	30	06	96	16.00	16	2	4	-2	0	2	3	3	0	4	7	1	1	27	10	0	0	1
1	04023	01	08	14	17	19	30	03	89	14.83	29	3	3	0	1	1	3	3	0	6	7	0	0	29	11	2	3	1
1	04024	01	13	21	23	25	32	06	115	19.17	15	5	1	4	4	0	4	2	2	4	8	0	0	31	12	1	1	1
1	04025	07	08	10	24	29	33	04	111	18.50	31	3	3	0	1	2	3	3	0	6	10	1	1	26	14	0	0	2
1	04026	04	10	14	18	28	32	15	106	17.67	26	0	6	-6	0	5	3	3	0	4	4	0	0	28	10	0	1	2
1	04027	01	05	09	10	18	32	11	75	12.50	25	3	3	0	2	2	2	4	-2	6	7	1	1	31	14	1	3	2
1	04028	01	02	03	05	10	22	12	43	7.17	13	3	3	0	1	1	1	5	-4	5	8	2	1	21	12	1	3	2
1	04029	09	13	20	22	24	32	05	120	20.00	20	2	4	-2	1	3	4	2	2	5	7	0	0	23	8	0	1	1
1	04030	01	07	09	17	26	31	05	91	15.17	31	5	1	4	3	0	3	3	0	4	9	0	0	30	9	0	1	1
1	04031	03	06	19	20	21	24	11	93	15.50	23	3	3	0	0	0	4	2	2	6	7	2	1	21	13	0	0	1
1	04032	02	05	08	11	15	31	13	72	12.00	22	4	2	2	2	0	1	5	-4	4	7	0	0	29	16	0	0	2
1	04033	01	04	08	09	19	20	01	61	10.17	31	3	3	0	1	1	2	4	-2	5	8	2	2	19	10	1	1	3
1	04034	02	07	13	20	27	30	14	99	16.50	19	3	3	0	1	0	3	3	0	4	9	0	0	28	7	0	1	3
1	04035	02	08	26	27	30	32	16	125	20.83	25	1	5	-4	0	3	4	2	2	5	8	1	1	30	18	1	3	2
1	04036	02	13	17	18	26	30	01	106	17.67	26	2	4	-2	1	2	4	2	2	6	8	1	1	28	11	1	3	1
1	04037	03	04	11	17	20	26	05	81	13.50	21	3	3	0	1	1	3	3	0	6	8	1	1	23	7	0	2	2
1	04038	11	16	17	25	28	29	07	126	21.00	36	4	2	2	1	0	4	2	2	6	8	2	2	18	8	0	2	2
1	04039	10	16	18	25	26	29	03	124	20.67	34	2	4	-2	0	2	4	2	2	5	9	1	1	19	7	3	3	5
1	04040	07	17	19	20	21	29	11	113	18.83	33	5	1	4	3	0	5	1	4	4	6	2	1	22	10	1	1	2
1	04041	08	10	17	22	25	29	14	111	18.50	31	3	3	0	1	1	4	2	2	6	8	0	0	21	7	1	2	2
1	04042	06	10	13	17	18	21	02	85	14.17	25	3	3	0	1	1	3	3	0	6	4	1	1	15	4	1	2	2
1	04043	04	09	10	21	22	24	10	90	15.00	20	2	4	-2	0	1	3	3	0	5	8	2	2	20	11	0	2	2
1	04044	02	06	07	12	31	32	05	90	15.00	20	2	4	-2	0	1	2	4	-2	4	7	2	2	30	19	0	0	0
1	04045	01	12	18	26	27	28	13	112	18.67	32	2	4	-2	0	2	4	2	2	5	9	2	1	27	11	0	1	1
1	04046	07	15	16	22	23	32	14	115	19.17	25	3	3	0	1	1	3	3	0	5	5	2	2	25	9	0	0	0
1	04047	01	07	08	11	27	31	06	85	14.17	25	5	1	4	3	0	2	4	-2	3	8	1	1	30	16	0	1	2
1	04048	08	09	11	16	17	29	09	90	15.00	40	4	2	2	2	0	2	4	-2	5	8	2	2	21	12	0	2	2
1	04049	11	12	14	16	25	29	09	107	17.83	27	3	3	0	1	2	2	4	-2	6	7	1	1	18	9	2	3	2
1	04050	06	07	19	21	25	29	02	107	17.83	37	5	1	4	4	0	4	2	2	5	9	1	1	23	12	2	2	0
1	04051	02	03	09	10	15	29	11	68	11.33	28	4	2	2	2	0	1	5	-4	5	7	2	2	27	14	1	1	0
1	04052	01	12	14	15	17	29	09	88	14.67	28	4	2	2	2	1	2	4	-2	6	7	1	1	28	12	1	2	2
1	04053	02	03	04	09	24	25	02	67	11.17	27	3	3	0	0	0	2	4	-2	5	6	3	2	23	15	0	0	1
1	04054	09	11	14	16	27	28	11	105	17.50	35	3	3	0	1	1	2	4	-2	6	8	1	1	19	11	0	1	0
1	04055	06	08	19	25	29	32	07	119	19.83	39	3	3	0	2	1	4	2	2	5	9	0	0	26	11	0	0	2
1	04056	01	20	21	25	29	30	02	126	21.00	16	4	2	2	2	0	5	1	4	4	6	2	2	29	19	2	2	2
1	04057	05	21	23	25	28	32	04	134	22.33	24	4	2	2	3	1	5	1	4	5	7	0	0	27	16	1	2	2
1	04058	01	08	11	12	27	31	12	90	15.00	20	4	2	2	1	0	2	4	-2	4	8	1	1	30	15	0	0	2
1	04059	04	07	11	19	23	26	10	90	15.00	30	4	2	2	3	0	3	3	0	6	4	0	0	22	8	1	1	3
1	04060	03	05	11	24	27	28	15	98	16.33	28	4	2	2	2	0	3	3	0	6	10	1	1	25	13	1	1	4
1	04061	13	16	19	20	23	33	09	124	20.67	24	4	2	2	1	0	4	2	2	4	5	1	1	20	10	0	0	1
1	04062	01	12	25	27	28	29	13	122	20.33	32	4	2	2	1	0	4	2	2	6	8	2	1	28	13	0	0	1
1	04063	07	10	13	16	27	28	07	101	16.83	31	3	3	0	0	0	2	4	-2	5	7	1	1	21	11	0	2	3
1	04064	14	15	18	20	27	31	04	125	20.83	25	3	3	0	1	1	4	2	2	6	8	1	1	17	7	1	1	3
1	04065	13	14	27	29	32	33	08	148	24.67	28	4	2	2	1	0	4	2	2	5	8	2	2	20	13	0	2	3
1	04066	05	13	20	23	24	25	03	110	18.33	20	4	2	2	1	0	4	2	2	4	9	2	1	20	8	0	1	1
1	04067	01	06	07	13	16	32	04	75	12.50	25	3	3	0	1	1	1	5	-4	5	9	1	1	31	16	0	1	1
1	04068	02	08	11	13	24	31	15	89	14.83	19	3	3	0	1	1	2	4	-2	5	9	0	0	29	11	1	1	3
1	04069	02	11	15	20	22	29	05	99	16.50	19	3	3	0	1	1	3	3	0	5	6	0	0	27	9	1	2	0
1	04070	10	12	21	22	30	33	06	128	21.33	8	2	4	-2	0	2	4	2	2	4	7	1	1	23	9	0	1	4
1	04071	03	08	16	17	21	29	06	94	15.67	34	4	2	2	2	1	3	3	0	6	6	1	1	26	8	0	1	2
1	04072	08	15	18	28	30	33	14	132	22.00	32	2	4	-2	0	2	4	2	2	4	7	0	0	25	10	0	1	4
1	04073	02	07	13	16	23	28	16	89	14.83	29	3	3	0	1	0	2	4	-2	5	8	0	0	26	7	0	1	2
1	04074	05	06	15	19	26	29	13	100	16.67	40	4	2	2	1	0	3	3	0	3	8	1	1	24	9	0	0	3
1	04075	07	18	21	26	27	28	07	127	21.17	37	3	3	0	0	0	5	1	4	4	9	2	1	21	11	0	1	4
1	04076	03	05	13	17	25	31	07	94	15.67	24	6	0	6	5	0	3	3	0	4	7	0	0	28	8	0	0	2
1	04077	08	09	10	14	16	26	07	83	13.83	33	1	5	-4	0	3	1	5	-4	5	7	2	1	18	10	0	0	3
1	04078	04	05	10	21	24	26	05	90	15.00	20	2	4	-2	0	1	3	3	0	5	8	1	1	22	11	2	2	1
1	04079	07	13	14	17	19	30	03	100	16.67	30	4	2	2	2	0	3	3	0	5	9	1	1	23	11	0	0	0
1	04080	03	08	20	23	24	26	16	104	17.33	24	2	4	-2	0	2	4	2	2	5	9	1	1	23	12	0	0	2
1	04081	03	05	21	24	27	32	06	112	18.67	22	4	2	2	2	0	4	2	2	6	9	0	0	29	16	1	2	3
1	04082	03	20	24	27	29	30	15	133	22.17	23	3	3	0	1	1	5	1	4	5	9	1	1	27	17	1	3	1
1	04083	14	16	27	28	30	33	06	148	24.67	28	2	4	-2	0	2	4	2	2	6	7	1	1	19	11	0	2	2
1	04084	01	04	08	11	21	25	14	70	11.67	20	4	2	2	2	1	2	4	-2	4	5	0	0	24	10	0	0	0
1	04085	03	08	11	29	30	32	01	113	18.83	23	3	3	0	1	1	3	3	0	6	8	1	1	29	18	0	2	1
1	04086	10	13	18	19	25	27	01	112	18.67	32	4	2	2	2	0	4	2	2	6	7	1	1	17	6	0	0	1
1	04087	01	03	07	08	25	26	14	70	11.67	30	4	2	2	2	0	2	4	-2	6	8	2	2	25	17	1	1	1
1	04088	02	10	19	22	24	32	14	109	18.17	19	1	5	-4	0	3	4	2	2	4	8	0	0	30	9	0	0	2
1	04089	14	17	20	25	28	30	14	134	22.33	24	2	4	-2	0	1	5	1	4	5	5	0	0	16	5	0	0	2
1	04090	01	18	20	24	32	33	12	128	21.33	18	2	4	-2	0	3	5	1	4	6	10	1	1	32	17	1	1	2
1	04091	09	13	14	21	30	33	01	120	20.00	20	4	2	2	1	0	3	3	0	5	9	1	1	24	9	1	1	2
1	04092	01	04	08	13	28	31	02	85	14.17	25	3	3	0	0	1	2	4	-2	4	8	0	0	30	15	0	1	3
1	04093	11	14	20	27	32	33	05	137	22.83	17	3	3	0	0	1	4	2	2	6	8	1	1	22	7	0	0	3
1	04094	05	09	10	13	24	25	08	86	14.33	26	4	2	2	1	0	2	4	-2	5	7	2	2	20	11	0	0	2
1	04095	19	22	27	28	30	32	01	158	26.33	28	2	4	-2	0	2	6	0	6	5	6	1	1	13	5	0	0	0
1	04096	01	04	12	16	20	30	15	83	13.83	13	1	5	-4	0	4	2	4	-2	5	8	0	0	29	10	0	1	1
1	04097	10	19	20	26	29	31	14	135	22.50	25	3	3	0	1	1	5	1	4	4	8	1	1	21	9	0	1	3
1	04098	03	12	13	25	26	31	03	110	18.33	20	4	2	2	1	0	3	3	0	5	8	2	2	28	12	1	2	1
1	04099	05	10	21	22	26	33	02	117	19.50	17	3	3	0	0	1	4	2	2	6	6	1	1	28	11	1	1	1
1	04100	06	08	09	14	24	33	15	94	15.67	34	2	4	-2	0	2	2	4	-2	5	10	1	1	27	10	1	1	2
1	04101	02	09	14	19	25	26	15	95	15.83	35	3	3	0	1	0	3	3	0	5	6	1	1	24	7	0	2	2
1	04102	03	09	12	15	28	32	01	99	16.50	29	3	3	0	1	1	2	4	-2	5	8	0	0	29	13	1	1	2
1	04103	02	03	05	09	16	21	02	56	9.33	26	4	2	2	2	0	1	5	-4	6	9	1	1	19	7	0	2	2
1	04104	07	11	17	18	24	29	05	106	17.67	36	4	2	2	2	1	4	2	2	5	7	1	1	22	6	0	0	1
1	04105	07	09	10	21	23	30	12	100	16.67	20	4	2	2	2	0	3	3	0	5	8	1	1	23	11	1	1	3
1	04106	10	15	23	26	28	29	12	131	21.83	31	3	3	0	1	1	4	2	2	6	7	1	1	19	8	0	2	2
1	04107	01	08	12	13	18	20	07	72	12.00	22	2	4	-2	0	2	2	4	-2	5	7	1	1	19	7	0	0	0
1	04108	08	13	14	27	28	31	12	121	20.17	31	3	3	0	0	0	3	3	0	5	8	2	2	23	13	0	2	2
1	04109	06	08	10	17	30	31	14	102	17.00	22	2	4	-2	0	2	3	3	0	5	9	1	1	25	13	1	2	1
1	04110	14	19	20	21	22	31	11	127	21.17	17	3	3	0	0	0	5	1	4	5	7	3	1	17	9	1	1	1
1	04111	11	16	18	20	26	31	02	122	20.33	22	2	4	-2	0	3	4	2	2	4	7	0	0	20	6	1	2	2
1	04112	09	13	15	21	26	33	06	117	19.50	27	5	1	4	3	0	3	3	0	5	8	0	0	24	7	1	1	2
1	04113	08	10	23	25	31	32	07	129	21.50	19	3	3	0	2	1	4	2	2	6	8	1	1	24	13	0	0	4
1	04114	01	06	09	17	21	22	01	76	12.67	26	4	2	2	2	0	3	3	0	5	7	1	1	21	8	0	0	2
1	04115	02	16	20	30	31	33	01	132	22.00	12	2	4	-2	1	3	4	2	2	5	9	1	1	31	14	0	0	3
1	04116	01	03	05	08	14	33	03	64	10.67	24	4	2	2	2	1	1	5	-4	5	9	0	0	32	19	1	1	2
1	04117	01	03	07	14	24	25	07	74	12.33	24	4	2	2	2	1	2	4	-2	5	9	1	1	24	10	2	3	1
1	04118	03	04	07	12	30	31	15	87	14.50	17	3	3	0	0	1	2	4	-2	6	8	2	2	28	18	1	2	1
1	04119	06	09	18	20	25	33	06	111	18.50	31	3	3	0	1	1	4	2	2	6	10	0	0	27	9	0	0	1
1	04120	07	08	18	21	27	32	10	113	18.83	33	3	3	0	1	1	4	2	2	4	8	1	1	25	10	1	1	4
1	04121	07	13	16	18	30	32	10	116	19.33	26	2	4	-2	1	3	3	3	0	6	8	0	0	25	12	2	3	1
1	04122	03	11	14	22	24	31	15	105	17.50	15	3	3	0	1	2	3	3	0	4	8	0	0	28	8	0	0	2
1	05001	01	07	08	23	27	28	14	94	15.67	34	4	2	2	2	0	3	3	0	4	8	2	2	27	15	0	0	1
1	05002	06	09	20	26	28	33	14	122	20.33	32	2	4	-2	0	2	4	2	2	5	10	0	0	27	11	0	1	4
1	05003	09	12	15	19	22	31	16	108	18.00	28	4	2	2	1	0	3	3	0	4	6	0	0	22	9	0	1	1
1	05004	01	04	08	09	22	23	03	67	11.17	27	3	3	0	0	1	2	4	-2	6	8	2	2	22	13	1	2	2
1	05005	05	09	20	26	28	33	15	121	20.17	31	3	3	0	1	2	4	2	2	6	10	0	0	28	11	0	1	2
1	05006	02	04	05	15	21	31	16	78	13.00	18	4	2	2	3	1	2	4	-2	4	8	1	1	29	10	0	1	2
1	05007	07	15	17	20	23	33	15	115	19.17	25	5	1	4	3	0	4	2	2	4	5	0	0	26	10	0	1	1
1	05008	11	19	22	27	32	33	11	144	24.00	24	4	2	2	1	0	5	1	4	5	7	1	1	22	8	1	1	3
1	05009	02	17	22	27	29	31	14	128	21.33	28	4	2	2	2	0	5	1	4	4	8	0	0	29	15	2	2	1
1	05010	08	10	11	18	25	26	01	98	16.33	28	2	4	-2	0	1	3	3	0	5	6	2	2	18	7	0	0	2
1	05011	09	11	13	15	22	30	15	100	16.67	20	4	2	2	3	1	2	4	-2	6	7	0	0	21	8	0	1	2
1	05012	02	03	06	16	22	31	05	80	13.33	20	2	4	-2	0	2	2	4	-2	4	10	1	1	29	10	1	1	2
1	05013	07	08	16	19	20	24	06	94	15.67	34	2	4	-2	0	2	3	3	0	6	6	2	2	17	8	0	1	1
1	05014	13	19	21	23	30	32	05	138	23.00	18	4	2	2	3	1	5	1	4	5	6	0	0	19	7	0	1	3
1	05015	04	08	09	16	17	29	15	83	13.83	43	3	3	0	1	1	2	4	-2	5	6	2	2	25	12	0	0	1
1	05016	01	05	06	12	16	30	15	70	11.67	20	2	4	-2	1	3	1	5	-4	5	8	1	1	29	14	0	1	3
1	05017	02	06	10	25	27	31	03	101	16.83	21	3	3	0	2	2	3	3	0	6	6	0	0	29	15	0	1	3
1	05018	01	03	06	22	23	25	06	80	13.33	20	4	2	2	2	1	3	3	0	5	6	1	1	24	16	0	2	2
1	05019	06	11	12	13	19	22	08	83	13.83	23	3	3	0	1	0	2	4	-2	5	7	2	1	16	6	0	2	1
1	05020	14	16	19	20	25	29	05	123	20.50	33	3	3	0	1	1	4	2	2	5	6	1	1	15	5	0	1	2
1	05021	02	06	24	26	30	31	16	119	19.83	19	1	5	-4	0	4	4	2	2	5	8	1	1	29	18	0	0	3
1	05022	08	10	12	21	32	33	04	116	19.33	16	2	4	-2	0	2	3	3	0	5	8	1	1	25	11	0	0	1
1	05023	10	15	19	20	21	25	12	110	18.33	20	4	2	2	2	0	4	2	2	4	4	2	1	15	5	0	2	1
1	05024	05	09	14	27	31	32	13	118	19.67	28	4	2	2	2	0	3	3	0	6	6	1	1	27	13	0	0	2
1	05025	01	07	10	11	13	32	07	74	12.33	14	4	2	2	2	0	1	5	-4	5	8	1	1	31	19	1	1	3
1	05026	06	12	14	20	25	26	07	103	17.17	23	1	5	-4	0	3	3	3	0	5	6	1	1	20	6	0	0	3
1	05027	01	03	04	06	21	32	15	67	11.17	17	3	3	0	1	1	2	4	-2	5	8	1	1	31	15	0	1	1
1	05028	04	09	22	25	26	32	10	118	19.67	28	2	4	-2	0	1	4	2	2	5	10	1	1	28	13	1	2	2
1	05029	02	14	21	22	27	30	14	116	19.33	16	2	4	-2	0	1	4	2	2	5	9	1	1	28	12	0	1	2
1	05030	01	05	09	14	22	28	05	79	13.17	29	3	3	0	2	2	2	4	-2	6	7	0	0	27	8	0	2	3
1	05031	04	10	16	20	23	32	07	105	17.50	15	1	5	-4	0	3	3	3	0	5	7	0	0	28	9	0	0	3
1	05032	05	15	19	20	25	29	03	113	18.83	33	5	1	4	3	0	4	2	2	3	5	1	1	24	10	1	1	3
1	05033	07	08	12	14	19	20	07	80	13.33	30	2	4	-2	0	2	2	4	-2	6	5	2	2	13	5	0	2	3
1	05034	05	17	18	25	28	32	09	125	20.83	35	3	3	0	1	1	5	1	4	4	9	1	1	27	12	0	0	1
1	05035	12	16	21	28	29	30	14	136	22.67	26	2	4	-2	0	1	4	2	2	6	8	2	1	18	7	0	1	2
1	05036	12	19	20	21	26	31	15	129	21.50	19	3	3	0	0	0	5	1	4	5	7	2	1	19	7	1	2	2
1	05037	07	12	14	22	24	32	16	111	18.50	21	1	5	-4	0	4	3	3	0	3	6	0	0	25	8	0	1	2
1	05038	04	07	11	20	27	28	16	97	16.17	27	3	3	0	1	0	3	3	0	5	8	1	1	24	9	0	1	1
1	05039	02	16	18	19	21	29	09	105	17.50	35	3	3	0	2	2	4	2	2	5	8	1	1	27	14	0	0	3
1	05040	01	12	21	24	30	32	13	120	20.00	10	2	4	-2	0	2	4	2	2	4	7	0	0	31	11	0	1	2
1	05041	02	11	16	23	24	29	03	105	17.50	25	3	3	0	0	0	3	3	0	6	8	1	1	27	9	0	1	4
1	05042	11	16	21	26	27	30	15	131	21.83	21	3	3	0	0	0	4	2	2	4	7	1	1	19	5	0	2	1
1	05043	04	05	06	07	08	32	05	62	10.33	32	2	4	-2	0	1	1	5	-4	6	4	4	1	28	24	0	0	0
1	05044	01	06	16	17	18	22	09	80	13.33	30	2	4	-2	0	2	3	3	0	5	7	2	1	21	10	0	1	1
1	05045	01	07	10	15	18	20	10	71	11.83	21	3	3	0	1	1	2	4	-2	5	7	0	0	19	6	2	2	3
1	05046	09	16	18	20	22	24	05	109	18.17	29	1	5	-4	0	4	4	2	2	6	4	0	0	15	7	0	2	2
1	05047	02	03	05	07	08	27	15	52	8.67	32	4	2	2	2	0	1	5	-4	5	6	2	2	25	19	0	0	1
1	05048	06	07	08	10	16	28	02	75	12.50	35	1	5	-4	0	3	1	5	-4	4	8	2	1	22	12	0	2	4
1	05049	02	03	08	10	25	27	12	75	12.50	25	3	3	0	1	1	2	4	-2	6	8	1	1	25	15	2	2	2
1	05050	02	09	12	20	26	32	13	101	16.83	21	1	5	-4	0	3	3	3	0	4	9	0	0	30	8	1	1	3
1	05051	03	06	14	19	20	21	02	83	13.83	23	3	3	0	0	1	3	3	0	6	9	2	1	18	8	0	1	3
1	05052	01	02	14	17	30	32	01	96	16.00	16	2	4	-2	0	2	3	3	0	5	7	1	1	31	13	1	1	1
1	05053	04	07	10	14	27	29	09	91	15.17	31	3	3	0	1	1	2	4	-2	4	9	0	0	25	13	0	1	1
1	05054	05	13	17	18	21	29	14	103	17.17	33	5	1	4	3	0	4	2	2	6	5	1	1	24	8	1	1	2
1	05055	05	20	22	30	32	33	09	142	23.67	12	2	4	-2	0	3	5	1	4	4	8	1	1	28	15	1	1	3
1	05056	12	17	19	27	29	31	09	135	22.50	35	5	1	4	4	0	5	1	4	4	6	0	0	19	8	0	0	3
1	05057	05	06	10	15	30	31	13	97	16.17	17	3	3	0	0	1	2	4	-2	4	7	2	2	26	15	1	1	1
1	05058	04	06	10	21	25	26	10	92	15.33	22	2	4	-2	1	2	3	3	0	5	8	1	1	22	11	2	2	2
1	05059	07	11	14	18	24	29	07	103	17.17	33	3	3	0	1	2	3	3	0	5	7	0	0	22	6	0	0	3
1	05060	09	12	21	25	31	33	13	131	21.83	21	5	1	4	3	0	4	2	2	5	9	0	0	24	9	0	0	2
1	05061	05	09	14	21	23	24	01	96	16.00	26	4	2	2	2	0	3	3	0	5	9	1	1	19	7	0	2	1
1	05062	02	07	11	12	20	23	07	75	12.50	15	3	3	0	1	1	2	4	-2	5	8	1	1	21	8	0	1	2
1	05063	02	11	13	18	22	30	04	96	16.00	16	2	4	-2	1	2	3	3	0	5	8	0	0	28	9	1	2	3
1	05064	10	18	23	27	30	32	08	140	23.33	20	2	4	-2	1	2	5	1	4	5	8	0	0	22	8	0	2	2
1	05065	12	16	17	21	22	23	16	111	18.50	21	3	3	0	1	1	4	2	2	5	4	3	2	11	4	0	1	2
1	05066	02	04	10	11	25	28	05	80	13.33	20	2	4	-2	1	2	2	4	-2	6	10	1	1	26	14	0	0	1
1	05067	03	12	16	20	21	26	16	98	16.33	18	2	4	-2	0	2	3	3	0	5	7	1	1	23	9	0	0	3
1	05068	01	08	10	13	25	33	13	90	15.00	20	4	2	2	2	1	2	4	-2	5	9	0	0	32	12	0	0	2
1	05069	07	09	21	24	31	33	12	125	20.83	25	5	1	4	3	0	4	2	2	5	7	0	0	26	12	1	1	3
1	05070	03	04	08	14	16	26	04	71	11.83	31	1	5	-4	0	4	1	5	-4	4	8	1	1	23	10	0	0	1
1	05071	04	08	12	14	16	22	10	76	12.67	26	0	6	-6	0	5	1	5	-4	4	3	0	0	18	6	2	4	1
1	05072	06	10	19	20	24	33	11	112	18.67	22	2	4	-2	0	2	4	2	2	5	5	1	1	27	9	0	0	0
1	05073	01	06	08	09	18	20	01	62	10.33	32	2	4	-2	0	2	2	4	-2	5	8	1	1	19	9	0	2	3
1	05074	06	09	18	20	26	29	09	108	18.00	38	2	4	-2	0	2	4	2	2	4	6	0	0	23	9	0	4	1
1	05075	11	13	14	16	18	31	14	103	17.17	23	3	3	0	1	2	2	4	-2	5	6	1	1	20	13	0	1	0
1	05076	04	09	11	22	25	28	13	99	16.50	29	3	3	0	1	0	3	3	0	6	9	0	0	24	11	0	1	0
1	05077	08	17	22	24	32	33	16	136	22.67	26	2	4	-2	0	2	5	1	4	5	8	1	1	25	9	0	1	2
1	05078	03	11	15	20	26	32	11	107	17.83	17	3	3	0	2	2	3	3	0	6	7	0	0	29	8	0	1	1
1	05079	03	09	20	24	25	28	05	109	18.17	29	3	3	0	1	1	4	2	2	6	9	1	1	25	11	1	2	1
1	05080	01	12	14	26	27	32	16	112	18.67	22	2	4	-2	0	2	3	3	0	5	9	1	1	31	12	0	0	2
1	05081	02	04	10	12	26	30	03	84	14.00	14	0	6	-6	0	5	2	4	-2	4	8	0	0	28	14	0	2	2
1	05082	01	07	11	14	19	20	12	72	12.00	22	4	2	2	2	0	2	4	-2	5	8	1	1	19	6	0	0	2
1	05083	03	05	09	14	16	30	13	77	12.83	27	3	3	0	2	2	1	5	-4	6	8	0	0	27	14	1	1	0
1	05084	01	02	07	15	19	20	03	64	10.67	24	4	2	2	2	0	2	4	-2	6	6	2	2	19	8	0	0	2
1	05085	08	09	13	14	20	22	12	86	14.33	26	2	4	-2	1	2	2	4	-2	6	7	2	2	14	6	0	1	3
1	05086	07	11	12	24	27	29	12	110	18.33	30	4	2	2	2	1	3	3	0	5	8	1	1	22	12	0	0	2
1	05087	08	09	15	16	23	26	08	97	16.17	37	3	3	0	1	0	2	4	-2	5	6	2	2	18	7	0	0	3
1	05088	01	03	07	18	20	24	07	73	12.17	23	3	3	0	2	2	3	3	0	6	5	0	0	23	11	0	0	2
1	05089	05	19	20	23	26	31	12	124	20.67	24	4	2	2	1	0	5	1	4	6	9	1	1	26	14	0	1	2
1	05090	01	09	21	25	29	32	03	117	19.50	27	5	1	4	4	0	4	2	2	4	7	0	0	31	12	0	0	3
1	05091	01	11	12	15	26	27	13	92	15.33	22	4	2	2	1	0	2	4	-2	5	6	2	2	26	11	1	1	1
1	05092	08	13	19	26	28	31	10	125	20.83	35	3	3	0	1	1	4	2	2	5	8	0	0	23	7	0	1	3
1	05093	04	06	17	23	25	29	14	104	17.33	34	4	2	2	3	1	4	2	2	6	7	0	0	25	11	0	0	2
1	05094	03	05	09	23	27	33	03	100	16.67	30	6	0	6	5	0	3	3	0	4	6	0	0	30	14	1	1	2
1	05095	09	12	18	21	28	29	05	117	19.50	37	3	3	0	0	1	4	2	2	4	8	1	1	20	7	0	1	1
1	05096	04	05	17	18	26	33	04	103	17.17	33	3	3	0	1	1	4	2	2	6	8	2	2	29	12	0	1	1
1	05097	05	10	23	27	28	30	15	123	20.50	23	3	3	0	1	1	4	2	2	5	8	1	1	25	13	0	1	2
1	05098	12	15	19	22	31	33	01	132	22.00	22	4	2	2	2	0	4	2	2	5	8	0	0	21	9	0	0	2
1	05099	10	13	16	22	24	31	09	116	19.33	16	2	4	-2	0	2	3	3	0	6	7	0	0	21	7	1	2	2
1	05100	02	04	09	14	16	31	03	76	12.67	26	2	4	-2	0	2	1	5	-4	5	6	0	0	29	15	1	2	2
1	05101	09	16	19	21	22	24	12	111	18.50	31	3	3	0	1	1	4	2	2	5	6	1	1	15	7	0	2	0
1	05102	02	05	06	14	24	31	12	82	13.67	22	2	4	-2	0	2	2	4	-2	5	10	1	1	29	10	0	1	0
1	05103	04	07	16	18	23	30	07	98	16.33	28	2	4	-2	0	1	3	3	0	6	7	0	0	26	9	0	0	4
1	05104	02	04	21	23	30	33	09	113	18.83	13	3	3	0	1	1	4	2	2	5	8	0	0	31	17	0	3	0
1	05105	04	15	23	30	32	33	03	137	22.83	17	3	3	0	1	1	4	2	2	5	10	1	1	29	11	1	4	1
1	05106	01	11	13	24	26	31	13	106	17.67	16	4	2	2	2	1	3	3	0	4	8	0	0	30	11	0	0	2
1	05107	09	10	20	24	25	26	11	114	19.00	24	2	4	-2	0	2	4	2	2	5	6	3	2	17	10	1	2	2
1	05108	03	10	12	24	29	30	06	108	18.00	18	2	4	-2	0	2	3	3	0	5	10	1	1	27	12	2	2	2
1	05109	03	05	13	15	17	31	04	84	14.00	24	6	0	6	5	0	2	4	-2	4	5	0	0	28	14	1	1	2
1	05110	07	10	16	19	24	25	09	101	16.83	31	3	3	0	0	1	3	3	0	6	6	1	1	18	6	0	0	1
1	05111	03	07	15	16	19	29	09	89	14.83	39	5	1	4	3	0	2	4	-2	5	7	1	1	26	10	0	3	1
1	05112	04	12	22	28	29	30	16	125	20.83	25	1	5	-4	0	3	4	2	2	5	7	2	1	26	10	0	1	3
1	05113	15	18	20	22	26	27	03	128	21.33	28	2	4	-2	0	3	5	1	4	6	6	1	1	12	4	0	1	1
1	05114	06	07	10	15	21	27	06	86	14.33	26	4	2	2	2	0	2	4	-2	5	9	1	1	21	6	1	2	2
1	05115	03	12	18	23	30	33	02	119	19.83	19	3	3	0	0	1	4	2	2	4	9	0	0	30	9	0	0	0
1	05116	04	06	08	14	15	30	10	77	12.83	27	1	5	-4	0	3	1	5	-4	5	9	1	1	26	15	0	1	1
1	05117	06	17	22	27	28	32	03	132	22.00	32	2	4	-2	0	1	5	1	4	4	6	1	1	26	11	0	1	0
1	05118	04	09	12	15	26	31	16	97	16.17	27	3	3	0	0	0	2	4	-2	6	6	0	0	27	11	0	0	2
1	05119	01	07	11	18	20	22	02	79	13.17	19	3	3	0	2	2	3	3	0	5	7	0	0	21	7	0	0	1
1	05120	01	06	13	18	30	32	14	100	16.67	20	2	4	-2	0	2	3	3	0	6	6	0	0	31	12	2	2	1
1	05121	01	07	20	25	31	32	12	116	19.33	16	4	2	2	2	0	4	2	2	5	8	1	1	31	13	2	2	2
1	05122	01	04	07	14	30	32	09	88	14.67	18	2	4	-2	0	2	2	4	-2	5	9	0	0	31	16	2	3	2
1	05123	11	12	13	17	18	25	07	96	16.00	26	4	2	2	1	0	3	3	0	6	5	3	2	14	7	0	0	1
1	05124	05	06	10	19	31	33	11	104	17.33	24	4	2	2	2	1	3	3	0	6	9	1	1	28	12	0	0	2
1	05125	06	14	18	28	31	32	03	129	21.50	29	1	5	-4	0	3	4	2	2	5	8	1	1	26	10	1	2	3
1	05126	02	08	13	19	25	26	09	93	15.50	33	3	3	0	2	1	3	3	0	6	6	1	1	24	6	0	0	2
1	05127	04	06	11	14	23	25	12	83	13.83	23	3	3	0	1	1	2	4	-2	5	8	0	0	21	9	0	1	2
1	05128	02	04	14	23	29	33	15	105	17.50	25	3	3	0	2	2	3	3	0	4	8	0	0	31	10	0	3	0
1	05129	05	10	14	20	27	33	03	109	18.17	19	3	3	0	1	2	3	3	0	5	8	0	0	28	7	2	2	1
1	05130	03	05	09	15	20	25	16	77	12.83	27	5	1	4	3	0	2	4	-2	4	7	0	0	22	6	0	2	2
1	05131	02	07	10	11	12	24	03	66	11.00	16	2	4	-2	0	1	1	5	-4	5	8	2	1	22	12	0	0	3
1	05132	02	04	10	18	27	29	15	90	15.00	30	2	4	-2	1	3	3	3	0	6	7	0	0	27	9	2	2	1
1	05133	01	07	14	16	18	25	11	81	13.50	31	3	3	0	1	2	2	4	-2	6	6	0	0	24	7	0	1	1
1	05134	04	13	14	18	26	30	01	105	17.50	25	1	5	-4	0	3	3	3	0	5	8	1	1	26	9	1	2	2
1	05135	01	05	13	15	21	25	11	80	13.33	20	6	0	6	5	0	2	4	-2	3	5	0	0	24	8	0	1	4
1	05136	05	14	16	18	25	27	13	105	17.50	35	3	3	0	1	2	3	3	0	5	3	0	0	22	9	0	2	2
1	05137	03	09	15	23	25	33	12	108	18.00	28	6	0	6	5	0	3	3	0	3	7	0	0	30	8	1	1	1
1	05138	03	05	06	11	20	22	13	67	11.17	17	3	3	0	1	1	2	4	-2	6	8	1	1	19	9	1	1	1
1	05139	02	07	20	23	32	33	10	117	19.50	17	3	3	0	0	0	4	2	2	4	9	1	1	31	13	0	1	3
1	05140	04	06	07	08	12	17	07	54	9.00	34	2	4	-2	0	2	1	5	-4	5	6	2	1	13	5	0	1	2
1	05141	03	05	08	12	16	19	15	63	10.50	33	3	3	0	1	2	1	5	-4	6	6	0	0	16	4	0	2	4
1	05142	07	10	12	17	22	29	05	97	16.17	27	3	3	0	0	1	3	3	0	4	5	0	0	22	7	0	1	2
1	05143	03	10	15	17	20	32	08	97	16.17	17	3	3	0	1	1	3	3	0	5	6	0	0	29	12	2	2	0
1	05144	01	08	14	15	19	27	09	84	14.00	34	4	2	2	2	1	2	4	-2	6	8	1	1	26	8	0	1	2
1	05145	03	07	08	17	20	28	15	83	13.83	33	3	3	0	1	1	3	3	0	4	10	1	1	25	9	0	1	3
1	05146	07	11	19	20	24	28	02	109	18.17	29	3	3	0	2	2	4	2	2	6	4	1	1	21	8	1	3	2
1	05147	06	07	15	27	28	30	10	113	18.83	33	3	3	0	2	1	3	3	0	5	8	2	2	24	12	0	2	2
1	05148	03	15	17	23	24	29	13	111	18.50	31	5	1	4	3	0	4	2	2	5	7	1	1	26	12	0	1	1
1	05149	11	16	21	23	25	32	07	128	21.33	18	4	2	2	2	0	4	2	2	5	6	0	0	21	7	1	1	3
1	05150	03	07	10	14	18	20	02	72	12.00	22	2	4	-2	1	3	2	4	-2	5	6	0	0	17	4	0	0	2
1	05151	04	11	12	13	19	30	05	89	14.83	19	3	3	0	1	0	2	4	-2	6	7	2	1	26	11	0	0	4
1	05152	01	05	12	14	21	27	03	80	13.33	20	4	2	2	2	1	2	4	-2	5	7	0	0	26	7	1	1	3
1	06001	01	12	15	19	21	28	03	96	16.00	26	4	2	2	2	0	3	3	0	5	8	0	0	27	11	0	1	1
1	06009	05	06	08	20	26	30	06	95	15.83	25	1	5	-4	0	4	3	3	0	4	10	1	1	25	12	0	1	2
1	06016	01	07	13	17	23	30	16	91	15.17	21	5	1	4	4	0	3	3	0	4	6	0	0	29	7	0	0	2
1	06020	05	09	21	23	26	29	06	113	18.83	33	5	1	4	3	0	4	2	2	5	9	0	0	24	12	1	1	3
1	06024	02	07	09	11	21	27	06	77	12.83	27	5	1	4	4	0	2	4	-2	4	9	0	0	25	10	0	0	1
1	06025	03	04	17	19	24	32	05	99	16.50	29	3	3	0	1	1	4	2	2	5	8	1	1	29	13	0	0	1
1	06029	03	04	07	09	14	19	08	56	9.33	36	4	2	2	1	0	1	5	-4	4	7	1	1	16	5	0	2	1
1	06030	08	13	15	17	20	32	14	105	17.50	25	3	3	0	2	1	3	3	0	6	6	0	0	24	12	0	0	4
1	06031	03	10	12	16	31	32	14	104	17.33	14	2	4	-2	0	2	2	4	-2	5	10	1	1	29	15	1	1	3
1	06043	05	12	13	16	23	32	03	101	16.83	21	3	3	0	0	0	2	4	-2	4	8	1	1	27	9	0	2	1
1	06044	02	10	18	21	30	31	05	112	18.67	12	2	4	-2	0	2	4	2	2	4	9	1	1	29	9	0	0	1
1	06046	13	18	23	29	31	32	08	146	24.33	26	4	2	2	2	0	5	1	4	5	9	1	1	19	6	0	0	1
1	06048	09	13	19	25	29	32	12	127	21.17	37	5	1	4	4	0	4	2	2	4	6	0	0	23	6	1	1	2
1	06049	06	10	12	13	17	20	03	78	13.00	18	2	4	-2	1	2	2	4	-2	5	6	1	1	14	4	0	1	3
1	06067	07	08	11	16	17	24	13	83	13.83	33	3	3	0	0	0	2	4	-2	5	7	2	2	17	7	2	2	2
1	06068	03	07	10	14	30	33	10	97	16.17	17	3	3	0	1	2	2	4	-2	4	6	0	0	30	16	0	1	2
1	06069	05	16	20	22	29	30	08	122	20.33	22	2	4	-2	0	2	4	2	2	5	10	1	1	25	11	0	1	1
1	06070	02	03	11	13	20	27	02	76	12.67	16	4	2	2	2	0	2	4	-2	5	8	1	1	25	8	0	1	0
1	06073	05	13	16	18	27	29	12	108	18.00	38	4	2	2	2	1	3	3	0	6	6	0	0	24	9	0	1	0
1	06074	01	03	15	19	25	33	04	96	16.00	26	6	0	6	5	0	3	3	0	4	8	0	0	32	12	0	0	2
1	06082	03	13	15	23	28	29	09	111	18.50	31	5	1	4	3	0	3	3	0	4	9	1	1	26	10	0	0	3
1	06085	02	06	18	21	24	25	08	96	16.00	26	2	4	-2	0	2	4	2	2	6	7	1	1	23	12	1	2	3
1	06093	02	12	16	18	19	23	05	90	15.00	30	2	4	-2	1	3	3	3	0	5	8	1	1	21	10	1	2	2
1	06096	01	05	09	13	18	33	14	79	13.17	29	5	1	4	3	0	2	4	-2	5	7	0	0	32	15	1	1	1
1	06099	09	12	18	23	24	27	05	113	18.83	33	3	3	0	0	1	4	2	2	6	6	1	1	18	6	0	2	3
1	06104	03	07	22	27	28	31	11	118	19.67	28	4	2	2	1	0	4	2	2	5	8	1	1	28	15	2	2	1
1	06105	05	12	14	15	20	31	01	97	16.17	17	3	3	0	0	1	2	4	-2	5	10	1	1	26	11	1	1	0
1	06106	02	12	14	19	28	33	10	108	18.00	28	2	4	-2	0	2	3	3	0	5	8	0	0	31	10	2	2	2
1	06115	01	10	20	26	28	29	15	114	19.00	24	2	4	-2	0	3	4	2	2	5	8	1	1	28	10	2	3	2
1	06119	01	02	14	20	27	30	02	94	15.67	14	2	4	-2	0	2	3	3	0	5	9	1	1	29	12	2	2	1
1	06120	06	08	14	15	24	33	09	100	16.67	30	2	4	-2	0	2	2	4	-2	5	7	1	1	27	9	1	1	1
1	06130	01	12	21	22	30	32	02	118	19.67	8	2	4	-2	0	2	4	2	2	3	6	1	1	31	11	1	1	2
1	06133	04	06	20	25	29	31	03	115	19.17	25	3	3	0	2	2	4	2	2	6	8	0	0	27	14	0	1	3
1	06137	10	14	17	21	27	31	09	120	20.00	20	4	2	2	3	1	4	2	2	4	5	0	0	21	6	2	2	3
1	06138	04	09	11	17	18	26	08	85	14.17	35	3	3	0	2	1	3	3	0	6	7	1	1	22	8	0	1	4
1	06141	16	18	22	23	25	31	11	135	22.50	25	3	3	0	2	2	5	1	4	6	6	1	1	15	6	0	2	2
1	06144	04	10	13	16	22	29	06	94	15.67	24	2	4	-2	0	2	2	4	-2	6	5	0	0	25	7	0	1	1
1	06150	08	09	12	18	25	27	12	99	16.50	39	3	3	0	1	1	3	3	0	5	9	1	1	19	7	0	0	1
1	06152	01	14	20	25	27	31	15	118	19.67	18	4	2	2	2	1	4	2	2	5	7	0	0	30	13	1	1	0
1	07017	05	09	10	24	25	32	14	105	17.50	25	3	3	0	1	1	3	3	0	5	8	2	2	27	14	0	0	2
1	07019	04	11	16	23	29	31	14	114	19.00	24	4	2	2	2	0	3	3	0	5	8	0	0	27	7	0	0	1
1	07032	04	08	16	24	30	32	16	114	19.00	24	0	6	-6	0	5	3	3	0	5	7	0	0	28	8	1	1	2
1	07044	09	13	20	21	24	32	08	119	19.83	19	3	3	0	1	1	4	2	2	6	5	1	1	23	8	0	0	2
1	07047	02	04	16	18	23	30	06	93	15.50	23	1	5	-4	0	3	3	3	0	6	5	0	0	28	12	1	1	1
1	07053	10	13	16	17	18	27	11	101	16.83	31	3	3	0	0	0	3	3	0	5	8	2	1	17	9	0	0	1
1	07054	01	03	16	18	23	28	05	89	14.83	29	3	3	0	1	1	3	3	0	4	7	0	0	27	13	1	2	3
1	07061	01	06	07	11	20	23	05	68	11.33	18	4	2	2	1	0	2	4	-2	5	9	1	1	22	9	1	1	3
1	07063	10	15	17	24	26	28	12	120	20.00	30	2	4	-2	1	2	4	2	2	6	5	0	0	18	7	0	1	1
1	07067	06	11	13	17	21	23	11	91	15.17	21	5	1	4	4	0	3	3	0	4	6	0	0	17	5	1	1	3
1	07070	06	08	15	17	18	30	12	94	15.67	34	2	4	-2	1	2	3	3	0	5	7	1	1	24	12	0	0	1
1	07071	01	06	14	21	30	31	09	103	17.17	13	3	3	0	0	1	3	3	0	4	10	1	1	30	9	0	2	2
1	07086	05	08	14	22	27	29	16	105	17.50	35	3	3	0	1	2	3	3	0	6	10	0	0	24	8	0	1	1
1	07088	02	04	10	28	29	33	06	106	17.67	26	2	4	-2	1	3	3	3	0	6	10	1	1	31	18	0	1	2
1	07094	03	05	18	19	24	32	02	101	16.83	31	3	3	0	1	1	4	2	2	6	8	1	1	29	13	0	2	1
1	07099	03	04	14	27	31	33	05	112	18.67	22	4	2	2	2	1	3	3	0	4	10	1	1	30	13	0	1	2
1	07105	02	07	10	17	23	29	14	88	14.67	28	4	2	2	2	0	3	3	0	5	9	0	0	27	7	1	1	1
1	07106	12	18	21	24	25	29	08	129	21.50	29	3	3	0	1	1	5	1	4	6	7	1	1	17	6	1	1	2
1	07107	02	08	09	18	24	28	10	89	14.83	39	1	5	-4	0	3	3	3	0	4	7	1	1	26	9	0	2	2
1	07109	01	04	07	08	13	14	04	47	7.83	27	3	3	0	0	0	0	6	-6	5	5	2	2	13	5	0	2	4
1	07111	02	09	10	12	13	17	11	63	10.50	23	3	3	0	1	1	1	5	-4	5	5	2	2	15	7	1	1	0
1	07117	03	07	09	10	26	32	01	87	14.50	27	3	3	0	2	2	2	4	-2	6	8	1	1	29	16	1	2	2
1	07120	06	07	11	12	18	25	01	79	13.17	29	3	3	0	1	1	2	4	-2	6	6	2	2	19	7	1	2	2
1	07122	04	07	19	24	26	32	09	112	18.67	32	2	4	-2	1	2	4	2	2	5	10	0	0	28	12	0	0	2
1	07125	03	05	18	20	27	33	01	106	17.67	26	4	2	2	2	1	4	2	2	5	6	0	0	30	13	1	1	3
1	07126	09	10	19	23	26	31	09	118	19.67	28	4	2	2	1	0	4	2	2	5	10	1	1	22	9	0	0	2
1	07135	01	11	16	26	31	33	16	118	19.67	18	4	2	2	2	1	3	3	0	3	6	0	0	32	10	1	1	2
1	07137	03	07	08	18	20	22	03	78	13.00	28	2	4	-2	1	3	3	3	0	5	7	1	1	19	10	0	1	3
1	07139	06	10	12	14	16	22	06	80	13.33	20	0	6	-6	0	5	1	5	-4	4	2	0	0	16	6	0	0	2
1	07141	02	03	04	06	17	31	08	63	10.50	23	3	3	0	1	1	2	4	-2	6	7	2	1	29	14	0	0	4
1	07144	08	14	23	25	28	32	16	130	21.67	30	2	4	-2	1	2	4	2	2	5	9	0	0	24	9	0	1	2
1	07147	03	07	18	24	26	27	04	105	17.50	35	3	3	0	1	2	4	2	2	5	10	1	1	24	11	2	3	2
1	07151	01	06	10	11	23	25	02	76	12.67	16	4	2	2	2	1	2	4	-2	5	9	1	1	24	12	0	1	4
1	08004	04	08	22	23	27	29	08	113	18.83	33	3	3	0	2	2	4	2	2	6	8	1	1	25	14	1	1	0
1	08009	09	21	29	30	31	32	16	152	25.33	22	4	2	2	2	0	5	1	4	4	7	3	1	23	12	0	0	0
1	08011	02	14	17	21	30	32	03	116	19.33	16	2	4	-2	1	2	4	2	2	5	9	0	0	30	12	0	2	1
1	08012	03	04	05	16	20	30	13	78	13.00	18	2	4	-2	0	2	2	4	-2	5	9	2	1	27	11	0	1	3
1	08023	08	16	18	25	26	32	02	125	20.83	35	1	5	-4	0	3	4	2	2	4	7	1	1	24	8	1	2	1
1	08030	06	15	18	19	20	28	11	106	17.67	36	2	4	-2	0	1	4	2	2	5	7	2	1	22	9	0	0	2
1	08041	08	11	20	22	23	27	04	111	18.50	21	3	3	0	1	1	4	2	2	6	8	1	1	19	9	0	2	2
1	08042	03	04	09	11	12	24	01	63	10.50	23	3	3	0	1	1	1	5	-4	5	8	2	2	21	12	0	1	3
1	08048	11	18	21	27	30	32	01	139	23.17	19	3	3	0	1	1	5	1	4	5	8	0	0	21	7	0	0	2
1	08049	03	10	12	13	19	25	04	82	13.67	22	4	2	2	2	1	2	4	-2	5	7	1	1	22	7	0	0	3
1	08055	11	16	19	23	26	31	04	126	21.00	26	4	2	2	1	0	4	2	2	4	4	0	0	20	5	0	1	3
1	08058	01	12	21	27	29	31	11	121	20.17	21	5	1	4	3	0	4	2	2	4	9	0	0	30	11	1	1	4
1	08059	02	06	15	29	31	32	16	115	19.17	25	3	3	0	2	1	3	3	0	5	10	1	1	30	14	0	2	2
1	08067	10	11	15	19	26	33	13	114	19.00	24	4	2	2	2	0	3	3	0	6	8	1	1	23	7	0	0	1
1	08068	05	07	17	23	27	29	07	108	18.00	38	6	0	6	5	0	4	2	2	4	5	0	0	24	10	0	0	1
1	08075	01	08	14	18	22	30	03	93	15.50	23	1	5	-4	0	4	3	3	0	5	8	0	0	29	8	1	1	2
1	08077	04	12	22	26	30	33	09	127	21.17	17	1	5	-4	0	4	4	2	2	5	7	0	0	29	10	0	0	2
1	08081	02	12	13	18	25	31	04	101	16.83	21	3	3	0	1	1	3	3	0	5	8	1	1	29	10	0	1	2
1	08087	01	07	26	29	30	31	06	124	20.67	24	4	2	2	1	0	4	2	2	5	9	2	1	30	19	0	2	3
1	08089	03	06	11	16	22	27	11	85	14.17	25	3	3	0	0	1	2	4	-2	5	6	0	0	24	6	2	2	2
1	08093	04	10	12	16	26	28	07	96	16.00	26	0	6	-6	0	5	2	4	-2	5	6	0	0	24	10	0	1	3
1	08096	06	08	12	24	27	31	14	108	18.00	28	2	4	-2	1	3	3	3	0	6	8	0	0	25	12	1	1	1
1	08098	06	07	10	11	15	30	01	79	13.17	19	3	3	0	1	0	1	5	-4	5	6	2	2	24	15	0	1	3
1	08111	17	18	21	25	31	32	06	144	24.00	24	4	2	2	2	0	6	0	6	5	6	2	2	15	6	0	1	3
1	08118	04	09	16	27	31	33	01	120	20.00	30	4	2	2	2	0	3	3	0	6	10	0	0	29	11	1	1	2
1	08119	05	07	09	15	24	29	07	89	14.83	39	5	1	4	3	0	2	4	-2	4	9	0	0	24	9	0	1	2
1	08122	02	08	11	14	19	26	15	80	13.33	30	2	4	-2	0	1	2	4	-2	6	7	0	0	24	7	1	1	1
1	08128	01	05	19	20	27	33	05	105	17.50	25	5	1	4	3	0	4	2	2	6	9	1	1	32	14	2	3	1
1	08135	05	14	15	16	19	21	15	90	15.00	30	4	2	2	1	0	2	4	-2	5	7	2	1	16	9	0	2	4
1	08140	07	14	16	29	30	31	14	127	21.17	27	3	3	0	0	1	3	3	0	6	7	2	1	24	13	0	0	1
1	08146	07	08	17	19	31	32	10	114	19.00	34	4	2	2	2	0	4	2	2	5	7	2	2	25	12	1	1	3
1	08151	06	08	10	14	17	19	06	74	12.33	34	2	4	-2	1	3	2	4	-2	6	5	0	0	13	4	0	1	0
1	08154	02	05	07	21	22	26	08	83	13.83	23	3	3	0	2	1	3	3	0	5	8	1	1	24	14	1	1	3
1	09005	01	03	08	15	17	21	13	65	10.83	25	5	1	4	3	0	2	4	-2	5	7	0	0	20	7	0	2	0
1	09010	03	10	17	19	20	24	02	93	15.50	23	3	3	0	1	1	4	2	2	5	7	1	1	21	7	0	0	1
1	09013	04	08	09	21	26	27	09	95	15.83	35	3	3	0	1	1	3	3	0	6	6	2	2	23	12	0	0	2
1	09016	02	07	13	16	20	33	03	91	15.17	21	3	3	0	1	1	2	4	-2	5	9	0	0	31	13	1	1	3
1	09025	10	20	22	23	26	33	11	134	22.33	14	2	4	-2	0	2	5	1	4	4	7	1	1	23	10	2	2	1
1	09031	01	02	03	15	30	33	01	84	14.00	14	4	2	2	1	0	2	4	-2	5	9	2	1	32	15	0	0	2
1	09032	09	11	12	19	27	32	06	110	18.33	30	4	2	2	2	0	3	3	0	4	9	1	1	23	8	0	0	1
1	09042	08	16	22	23	27	30	11	126	21.00	26	2	4	-2	1	2	4	2	2	6	7	1	1	22	8	0	2	2
1	09044	11	14	16	18	26	30	01	115	19.17	25	1	5	-4	0	4	3	3	0	5	7	0	0	19	8	0	2	3
1	09045	03	04	06	23	30	32	01	98	16.33	18	2	4	-2	0	2	3	3	0	5	8	1	1	29	17	0	1	0
1	09048	03	07	11	15	17	31	01	84	14.00	24	6	0	6	5	0	2	4	-2	4	6	0	0	28	14	2	2	1
1	09052	09	11	15	19	21	30	08	105	17.50	25	5	1	4	4	0	3	3	0	4	6	0	0	21	9	1	1	3
1	09054	16	17	23	26	31	32	11	145	24.17	25	3	3	0	1	0	5	1	4	5	6	2	2	16	6	0	0	2
1	09055	03	04	18	22	24	29	11	100	16.67	30	2	4	-2	0	3	4	2	2	5	10	1	1	26	14	0	0	3
1	09057	05	07	10	14	17	25	11	78	13.00	28	4	2	2	2	1	2	4	-2	4	8	0	0	20	8	1	1	3
1	09058	05	08	10	15	23	26	09	87	14.50	27	3	3	0	1	1	2	4	-2	5	7	0	0	21	8	2	2	3
1	09060	07	13	17	26	32	33	04	128	21.33	28	4	2	2	2	1	4	2	2	4	8	1	1	26	9	0	2	1
1	09071	04	05	23	26	31	32	06	121	20.17	21	3	3	0	1	0	4	2	2	6	8	2	2	28	18	0	1	1
1	09073	09	16	17	18	22	27	14	109	18.17	39	3	3	0	0	1	4	2	2	5	7	2	1	18	7	0	0	1
1	09077	01	09	14	16	28	32	16	100	16.67	30	2	4	-2	1	3	2	4	-2	6	10	0	0	31	12	1	2	1
1	09080	01	11	13	25	32	33	06	115	19.17	15	5	1	4	3	0	3	3	0	4	9	1	1	32	12	0	0	2
1	09083	02	08	12	18	24	28	04	92	15.33	32	0	6	-6	0	5	3	3	0	3	3	0	0	26	6	0	1	2
1	09085	04	08	12	17	20	30	03	91	15.17	21	1	5	-4	0	3	3	3	0	5	7	0	0	26	10	1	2	2
1	09086	11	12	13	18	23	32	11	109	18.17	19	3	3	0	0	0	3	3	0	4	8	2	1	21	9	0	1	3
1	09092	02	06	07	14	18	31	08	78	13.00	28	2	4	-2	0	2	2	4	-2	6	8	1	1	29	13	1	1	2
1	09093	01	11	20	31	32	33	01	128	21.33	8	4	2	2	1	0	4	2	2	4	9	2	1	32	11	0	1	2
1	09095	08	09	14	28	31	33	15	123	20.50	33	3	3	0	1	1	3	3	0	5	8	1	1	25	14	1	1	0
1	09097	07	13	24	26	28	32	14	130	21.67	30	2	4	-2	1	3	4	2	2	6	6	0	0	25	11	0	2	3
1	09100	02	11	17	27	30	33	11	120	20.00	20	4	2	2	2	0	4	2	2	5	7	0	0	31	10	0	0	2
1	09101	01	02	05	10	19	24	14	61	10.17	21	3	3	0	0	0	2	4	-2	6	7	1	1	23	9	0	1	2
1	09103	06	11	17	20	23	24	09	101	16.83	21	3	3	0	1	0	4	2	2	6	8	1	1	18	6	0	0	1
1	09104	20	22	26	29	30	32	16	159	26.50	19	1	5	-4	0	3	6	0	6	4	5	1	1	12	4	0	1	1
1	09109	05	06	07	14	25	28	01	85	14.17	35	3	3	0	0	0	2	4	-2	5	9	2	1	23	11	0	1	1
1	09116	05	17	21	25	27	32	14	127	21.17	27	5	1	4	4	0	5	1	4	4	9	0	0	27	12	0	0	1
1	09117	05	09	15	21	26	31	13	107	17.83	27	5	1	4	3	0	3	3	0	4	6	0	0	26	6	1	2	2
1	09118	12	16	25	26	27	31	05	137	22.83	27	3	3	0	1	1	4	2	2	5	7	2	1	19	9	1	2	3
1	09119	06	07	10	12	15	21	05	71	11.83	21	3	3	0	1	1	1	5	-4	6	6	1	1	15	6	0	1	1
1	09122	07	14	16	27	29	32	01	125	20.83	35	3	3	0	1	1	3	3	0	5	8	0	0	25	11	0	0	2
1	09124	03	04	22	23	28	30	10	110	18.33	20	2	4	-2	0	2	4	2	2	5	8	2	2	27	18	0	2	1
1	09125	06	07	08	22	26	27	12	96	16.00	36	2	4	-2	0	2	3	3	0	4	6	3	2	21	14	0	1	2
1	09126	03	05	06	10	19	23	15	66	11.00	26	4	2	2	2	1	2	4	-2	5	8	1	1	20	9	0	1	3
1	09130	02	03	07	12	13	30	11	67	11.17	17	3	3	0	1	0	1	5	-4	4	7	2	2	28	17	0	1	1
1	09138	04	07	14	26	32	33	14	116	19.33	26	2	4	-2	0	2	3	3	0	5	8	1	1	29	12	1	1	2
1	09140	04	05	11	18	22	33	12	93	15.50	23	3	3	0	1	1	3	3	0	6	8	1	1	29	11	1	1	2
1	09141	02	13	21	28	29	31	09	124	20.67	24	4	2	2	2	0	4	2	2	5	9	1	1	29	11	0	0	1
1	09143	05	09	11	17	23	28	10	93	15.50	33	5	1	4	4	0	3	3	0	6	7	0	0	23	6	0	1	1
1	09145	03	05	11	15	26	33	11	93	15.50	23	5	1	4	3	0	2	4	-2	4	10	0	0	30	11	1	1	1
1	09146	03	09	16	20	22	33	15	103	17.17	23	3	3	0	1	2	3	3	0	5	5	0	0	30	11	2	2	1
1	09149	01	03	16	18	22	29	04	89	14.83	29	3	3	0	1	2	3	3	0	6	7	0	0	28	13	0	2	1
1	10002	03	06	07	23	30	33	13	102	17.00	22	4	2	2	1	0	3	3	0	4	8	1	1	30	16	0	1	3
1	10007	14	22	27	28	30	33	14	154	25.67	24	2	4	-2	0	2	5	1	4	6	6	1	1	19	8	0	1	1
1	10011	07	08	14	22	24	30	07	105	17.50	25	1	5	-4	0	4	3	3	0	5	7	1	1	23	8	2	3	3
1	10012	02	08	13	14	25	33	10	95	15.83	25	3	3	0	1	1	2	4	-2	5	7	1	1	31	11	1	2	3
1	10017	01	03	06	11	12	23	11	56	9.33	16	4	2	2	1	0	1	5	-4	4	8	1	1	22	11	0	1	3
1	10019	02	10	22	24	26	27	06	111	18.50	21	1	5	-4	0	4	4	2	2	5	9	1	1	25	12	0	0	2
1	10020	05	06	14	22	24	26	09	97	16.17	27	1	5	-4	0	4	3	3	0	4	8	1	1	21	8	0	3	1
1	10023	02	09	11	22	24	27	11	95	15.83	25	3	3	0	1	1	3	3	0	5	8	0	0	25	11	0	1	1
1	10027	03	04	15	25	26	30	13	103	17.17	23	3	3	0	1	1	3	3	0	5	7	2	2	27	11	1	1	2
1	10029	01	05	14	16	17	22	03	75	12.50	25	3	3	0	1	1	2	4	-2	6	10	1	1	21	9	1	2	2
1	10031	05	07	13	24	25	28	04	102	17.00	32	4	2	2	2	0	3	3	0	5	10	1	1	23	11	1	1	3
1	10037	03	16	19	21	24	26	06	109	18.17	29	3	3	0	1	1	4	2	2	5	6	0	0	23	13	0	0	0
1	10041	03	05	13	19	25	29	12	94	15.67	34	6	0	6	5	0	3	3	0	3	7	0	0	26	8	0	2	3
1	10042	03	06	11	20	31	32	10	103	17.17	13	3	3	0	0	0	3	3	0	5	10	1	1	29	11	1	1	2
1	10045	02	03	04	13	20	29	01	71	11.83	21	3	3	0	0	0	2	4	-2	5	7	2	1	27	9	0	1	3
1	10048	01	06	08	10	23	33	02	81	13.50	21	3	3	0	1	2	2	4	-2	5	9	0	0	32	13	0	1	1
1	10052	01	02	19	23	27	29	10	101	16.83	31	5	1	4	3	0	4	2	2	5	9	1	1	28	17	0	2	2
1	10063	02	06	10	17	23	24	03	82	13.67	22	2	4	-2	1	2	3	3	0	6	8	1	1	22	7	0	0	1
1	10070	08	13	23	27	31	33	07	135	22.50	25	5	1	4	4	0	4	2	2	4	8	0	0	25	10	0	0	4
1	10082	01	08	13	14	27	31	02	94	15.67	24	4	2	2	1	0	2	4	-2	5	9	1	1	30	13	0	1	3
1	10088	05	06	15	23	27	30	12	106	17.67	26	4	2	2	2	0	3	3	0	5	10	1	1	25	9	1	1	1
1	10089	07	08	09	16	23	26	01	89	14.83	39	3	3	0	0	0	2	4	-2	5	8	2	1	19	7	0	1	3
1	10104	07	17	23	24	27	32	02	130	21.67	30	4	2	2	2	0	5	1	4	4	9	1	1	25	10	0	1	2
1	10105	01	08	09	19	21	31	11	89	14.83	29	5	1	4	3	0	3	3	0	3	8	1	1	30	10	0	0	2
1	10106	02	06	08	15	26	29	16	86	14.33	36	2	4	-2	0	2	2	4	-2	5	10	0	0	27	11	0	1	2
1	10108	02	04	08	20	23	24	07	81	13.50	21	1	5	-4	0	3	3	3	0	5	8	1	1	22	12	0	1	1
1	10109	04	15	18	25	29	32	15	123	20.50	33	3	3	0	1	0	4	2	2	5	5	0	0	28	11	0	1	1
1	10110	01	03	12	24	26	27	01	93	15.50	23	3	3	0	1	2	3	3	0	6	8	1	1	26	12	0	0	3
1	10113	05	10	15	18	20	28	10	96	16.00	26	2	4	-2	0	2	3	3	0	3	4	0	0	23	8	0	1	1
1	10119	07	17	25	27	30	31	09	137	22.83	27	5	1	4	3	0	5	1	4	4	9	1	1	24	10	0	1	1
1	10122	02	09	12	16	25	27	06	91	15.17	31	3	3	0	1	1	2	4	-2	5	9	0	0	25	9	1	1	2
1	10130	01	02	07	15	21	31	16	77	12.83	17	5	1	4	3	0	2	4	-2	4	8	1	1	30	10	0	0	3
1	10131	05	06	15	16	19	26	06	87	14.50	37	3	3	0	0	0	2	4	-2	3	6	2	2	21	9	0	1	2
1	10134	09	15	16	22	27	28	06	117	19.50	37	3	3	0	1	1	3	3	0	6	4	2	2	19	6	0	1	3
1	10135	04	10	13	25	26	30	10	108	18.00	18	2	4	-2	1	2	3	3	0	5	10	1	1	26	12	0	0	2
1	10139	11	13	18	20	26	31	09	119	19.83	19	3	3	0	1	2	4	2	2	5	6	0	0	20	6	1	1	2
1	10142	02	16	18	23	26	27	10	112	18.67	32	2	4	-2	0	2	4	2	2	5	10	1	1	25	14	2	4	2
1	10146	01	17	18	22	25	32	01	115	19.17	25	3	3	0	1	1	5	1	4	5	9	1	1	31	16	0	0	3
1	10147	02	08	15	18	24	30	03	97	16.17	27	1	5	-4	0	3	3	3	0	5	6	0	0	28	7	0	1	3
1	11003	13	14	21	22	23	27	04	120	20.00	20	4	2	2	1	0	4	2	2	5	6	3	2	14	7	0	0	2
1	11005	06	09	12	14	20	22	13	83	13.83	23	1	5	-4	0	3	2	4	-2	5	5	0	0	16	6	0	1	3
1	11008	10	12	13	17	24	31	15	107	17.83	17	3	3	0	1	1	3	3	0	6	7	1	1	21	7	1	3	1
1	11009	17	18	23	24	25	26	04	133	22.17	33	3	3	0	0	0	6	0	6	6	3	4	2	9	5	0	2	3
1	11011	01	12	18	19	21	24	10	95	15.83	25	3	3	0	1	1	4	2	2	5	8	1	1	23	11	1	2	1
1	11015	03	06	13	26	27	29	07	104	17.33	34	4	2	2	1	0	3	3	0	4	8	1	1	26	13	0	1	2
1	11018	13	15	18	28	30	33	01	137	22.83	27	3	3	0	1	2	4	2	2	4	5	0	0	20	10	1	2	0
1	11023	02	03	06	21	22	25	05	79	13.17	19	3	3	0	0	0	3	3	0	5	5	2	2	23	15	1	2	3
1	11024	05	07	10	19	26	31	14	98	16.33	28	4	2	2	1	0	3	3	0	6	7	0	0	26	9	0	0	3
1	11025	08	25	26	31	32	33	09	155	25.83	25	3	3	0	0	0	5	1	4	6	6	3	2	25	17	0	2	3
1	11029	01	04	09	10	20	31	07	75	12.50	15	3	3	0	0	1	2	4	-2	4	9	1	1	30	11	2	2	1
1	11030	02	09	19	24	25	33	10	112	18.67	32	4	2	2	2	0	4	2	2	5	10	1	1	31	10	0	1	3
1	11031	16	17	24	28	29	32	12	146	24.33	36	2	4	-2	0	1	5	1	4	6	6	2	2	16	7	0	1	2
1	11037	01	03	04	06	17	25	11	56	9.33	26	4	2	2	2	1	2	4	-2	6	8	1	1	24	11	0	0	3
1	11039	03	07	10	16	24	29	13	89	14.83	29	3	3	0	1	2	2	4	-2	6	9	0	0	26	8	0	1	3
1	11047	04	13	23	25	27	33	14	125	20.83	25	5	1	4	4	0	4	2	2	4	8	0	0	29	10	0	0	2
1	11048	10	14	18	25	26	27	15	120	20.00	30	2	4	-2	0	2	4	2	2	6	7	2	1	17	7	1	2	2
1	11049	01	11	17	18	27	31	14	105	17.50	25	5	1	4	3	0	4	2	2	3	8	1	1	30	10	0	2	3
1	11058	07	18	22	30	32	33	06	142	23.67	22	2	4	-2	0	3	5	1	4	5	8	1	1	26	11	1	1	3
1	11061	02	03	08	13	19	21	03	66	11.00	26	4	2	2	2	0	2	4	-2	5	7	1	1	19	6	0	2	0
1	11065	04	16	23	25	27	29	03	124	20.67	34	4	2	2	3	1	4	2	2	6	7	0	0	25	12	0	1	2
1	11067	17	19	20	24	25	27	12	132	22.00	32	4	2	2	2	1	6	0	6	5	4	2	2	10	4	0	1	0
1	11083	07	16	18	24	28	29	06	122	20.33	42	2	4	-2	0	3	4	2	2	5	9	1	1	22	9	2	2	3
1	11085	03	06	11	21	24	31	10	96	16.00	16	4	2	2	1	0	3	3	0	4	7	0	0	28	10	0	0	2
1	11087	02	03	04	05	18	28	01	60	10.00	30	2	4	-2	0	1	2	4	-2	5	7	3	1	26	13	0	0	2
1	11090	02	05	14	18	21	25	16	85	14.17	25	3	3	0	1	1	3	3	0	5	6	0	0	23	9	0	1	2
1	11098	03	07	20	21	22	32	05	105	17.50	15	3	3	0	1	1	4	2	2	5	9	2	1	29	13	0	2	3
1	11101	06	10	19	23	29	31	06	118	19.67	28	4	2	2	3	1	4	2	2	5	8	0	0	25	9	1	2	3
1	11104	09	10	16	20	25	29	09	109	18.17	29	3	3	0	1	2	3	3	0	4	8	1	1	20	6	0	2	2
1	11114	01	14	15	16	30	32	09	108	18.00	18	2	4	-2	0	2	2	4	-2	6	5	2	1	31	14	0	1	1
1	11115	07	08	09	12	17	33	16	86	14.33	36	4	2	2	1	0	2	4	-2	5	8	2	1	26	16	0	0	2
1	11119	09	12	14	19	28	32	01	114	19.00	34	2	4	-2	0	2	3	3	0	4	9	0	0	23	9	0	1	2
1	11120	04	14	17	28	30	33	07	126	21.00	26	2	4	-2	0	2	4	2	2	5	7	0	0	29	11	0	2	1
1	11121	04	14	22	25	32	33	02	130	21.67	20	2	4	-2	0	2	4	2	2	4	6	1	1	29	10	3	3	1
1	11132	02	05	12	13	25	33	07	90	15.00	20	4	2	2	2	0	2	4	-2	3	8	1	1	31	12	1	2	0
1	11142	12	15	16	26	29	31	02	129	21.50	29	3	3	0	1	1	3	3	0	5	8	1	1	19	10	0	1	0
1	11144	01	02	09	10	16	24	03	62	10.33	22	2	4	-2	0	2	1	5	-4	6	4	2	2	23	8	0	0	2
1	11150	08	10	12	15	22	27	13	94	15.67	24	2	4	-2	0	2	2	4	-2	5	6	0	0	19	7	0	0	2
1	12002	02	03	07	09	10	32	13	63	10.50	23	3	3	0	2	1	1	5	-4	5	8	2	2	30	22	1	1	3
1	12005	07	09	18	27	31	33	06	125	20.83	35	5	1	4	3	0	4	2	2	5	7	0	0	26	9	0	0	1
1	12007	10	17	19	27	28	32	04	133	22.17	33	3	3	0	2	1	5	1	4	5	9	1	1	22	8	0	1	2
1	12009	04	16	24	26	27	33	11	130	21.67	30	2	4	-2	1	3	4	2	2	4	10	1	1	29	12	0	1	1
1	12016	02	05	12	17	22	25	08	83	13.83	23	3	3	0	0	0	3	3	0	3	6	0	0	23	7	0	0	3
1	12017	06	09	14	19	25	28	10	101	16.83	41	3	3	0	1	0	3	3	0	5	7	0	0	22	6	0	1	1
1	12022	04	08	12	24	26	27	04	101	16.83	31	1	5	-4	0	4	3	3	0	5	9	1	1	23	12	0	0	0
1	12023	05	09	15	23	24	33	02	109	18.17	29	5	1	4	3	0	3	3	0	4	7	1	1	28	9	0	1	3
1	12037	05	14	19	24	28	33	09	123	20.50	33	3	3	0	0	1	4	2	2	5	3	0	0	28	9	0	1	2
1	12039	01	02	05	13	22	29	08	72	12.00	22	4	2	2	1	0	2	4	-2	5	10	1	1	28	9	0	0	0
1	12040	03	08	09	22	25	31	10	98	16.33	28	4	2	2	1	0	3	3	0	6	8	1	1	28	13	0	1	1
1	12042	05	06	11	19	24	28	16	93	15.50	33	3	3	0	1	1	3	3	0	6	8	1	1	23	8	1	2	1
1	12043	02	09	11	21	26	33	03	102	17.00	22	4	2	2	2	0	3	3	0	5	7	0	0	31	10	1	1	0
1	12048	01	05	14	22	24	30	10	96	16.00	16	2	4	-2	1	3	3	3	0	5	9	0	0	29	9	0	0	1
1	12049	04	12	13	19	20	32	02	100	16.67	20	2	4	-2	1	2	3	3	0	5	7	2	2	28	12	0	0	2
1	12050	07	13	15	17	19	24	11	95	15.83	35	5	1	4	4	0	3	3	0	5	6	0	0	17	6	0	2	2
1	12056	04	07	14	17	26	31	10	99	16.50	29	3	3	0	0	0	3	3	0	4	8	0	0	27	9	1	1	2
1	12064	05	10	11	16	23	24	11	89	14.83	19	3	3	0	0	0	2	4	-2	6	6	2	2	19	7	1	2	3
1	12066	01	02	09	26	29	33	12	100	16.67	30	4	2	2	1	0	3	3	0	5	8	1	1	32	17	0	0	2
1	12075	04	06	22	23	29	32	11	116	19.33	26	2	4	-2	1	2	4	2	2	5	10	1	1	28	16	1	1	1
1	12076	11	18	22	27	29	30	15	137	22.83	27	3	3	0	1	1	5	1	4	6	8	1	1	19	7	2	2	2
1	12078	08	15	22	24	28	33	12	130	21.67	30	2	4	-2	0	2	4	2	2	5	8	0	0	25	7	0	1	0
1	12081	02	05	10	24	25	29	06	95	15.83	25	3	3	0	1	1	3	3	0	5	8	1	1	27	14	0	0	2
1	12084	02	10	20	26	28	29	14	115	19.17	25	1	5	-4	0	4	4	2	2	5	8	1	1	27	10	0	1	1
1	12087	03	10	11	13	14	22	09	73	12.17	13	3	3	0	1	1	1	5	-4	5	6	2	2	19	8	0	2	3
1	12088	03	05	23	24	27	31	15	113	18.83	23	5	1	4	3	0	4	2	2	5	9	1	1	28	18	1	1	1
1	12089	03	07	10	13	14	25	11	72	12.00	22	4	2	2	1	0	1	5	-4	5	6	1	1	22	11	1	1	1
1	12098	02	12	19	26	29	31	09	119	19.83	29	3	3	0	1	1	4	2	2	4	7	0	0	29	10	0	1	1
1	12109	02	12	24	26	29	31	03	124	20.67	24	2	4	-2	1	3	4	2	2	5	8	0	0	29	12	0	1	3
1	12111	02	09	10	20	22	31	13	94	15.67	14	2	4	-2	0	2	3	3	0	4	9	1	1	29	10	2	2	3
1	12122	12	13	19	22	28	29	11	123	20.50	33	3	3	0	1	1	4	2	2	4	4	2	2	17	6	0	0	2
1	12123	08	10	16	25	28	33	09	120	20.00	30	2	4	-2	0	2	3	3	0	5	8	0	0	25	9	1	1	1
1	12126	03	05	12	15	23	24	07	82	13.67	22	4	2	2	2	0	2	4	-2	4	8	1	1	21	8	0	1	1
1	12127	01	09	11	21	26	32	08	100	16.67	20	4	2	2	3	1	3	3	0	4	9	0	0	31	10	0	0	1
1	12129	01	07	09	17	21	29	01	84	14.00	34	6	0	6	5	0	3	3	0	3	6	0	0	28	8	0	2	1
1	12134	02	05	06	07	13	23	15	56	9.33	26	4	2	2	2	0	1	5	-4	5	9	2	1	21	10	0	0	2
1	12136	02	07	08	17	21	28	11	83	13.83	33	3	3	0	1	0	3	3	0	4	10	1	1	26	9	1	4	2
1	12139	08	19	21	24	28	31	15	131	21.83	31	3	3	0	1	1	5	1	4	4	8	0	0	23	11	0	2	1
1	12144	03	10	12	13	27	30	04	95	15.83	15	3	3	0	1	1	2	4	-2	4	8	1	1	27	14	0	1	0
1	12148	03	06	11	17	21	31	07	89	14.83	19	5	1	4	3	0	3	3	0	4	8	0	0	28	10	0	0	3
1	12152	10	12	18	22	28	29	07	119	19.83	29	1	5	-4	0	4	4	2	2	4	8	1	1	19	6	0	0	0
1	12153	04	05	11	21	27	28	10	96	16.00	26	4	2	2	3	0	3	3	0	5	4	2	2	24	10	0	1	4
1	13003	22	23	26	27	28	33	09	159	26.50	29	3	3	0	0	0	6	0	6	5	4	3	2	11	5	1	2	2
1	13006	09	10	13	17	22	30	13	101	16.83	21	3	3	0	1	1	3	3	0	5	7	1	1	21	8	0	1	2
1	13026	04	11	14	15	22	31	11	97	16.17	17	3	3	0	0	0	2	4	-2	4	8	1	1	27	9	0	0	2
1	13033	05	06	13	17	19	28	01	88	14.67	38	4	2	2	2	0	3	3	0	6	9	1	1	23	9	0	0	2
1	13039	01	02	14	15	24	29	06	85	14.17	25	3	3	0	0	1	2	4	-2	5	7	2	2	28	12	0	2	2
1	13041	02	10	12	17	23	24	05	88	14.67	18	2	4	-2	1	2	3	3	0	5	9	1	1	22	8	1	4	0
1	13045	06	07	08	14	23	31	12	89	14.83	29	3	3	0	1	1	2	4	-2	6	7	2	1	25	9	0	0	1
1	13046	03	16	19	20	24	26	06	108	18.00	28	2	4	-2	0	2	4	2	2	5	9	1	1	23	13	0	0	1
1	13048	10	13	17	28	30	32	04	130	21.67	20	2	4	-2	1	2	4	2	2	5	7	0	0	22	11	0	2	2
1	13049	10	13	14	16	21	32	14	106	17.67	16	2	4	-2	0	1	2	4	-2	6	8	1	1	22	11	3	3	2
1	13051	08	12	15	19	28	29	02	111	18.50	41	3	3	0	1	1	3	3	0	4	8	1	1	21	9	0	0	3
1	13056	03	12	25	26	28	29	16	123	20.50	33	3	3	0	0	1	4	2	2	6	8	2	2	26	13	0	0	2
1	13062	01	06	07	19	22	27	02	82	13.67	32	4	2	2	1	0	3	3	0	5	8	1	1	26	12	2	2	3
1	13064	01	09	13	22	25	32	12	102	17.00	22	4	2	2	2	0	3	3	0	5	9	0	0	31	9	0	0	3
1	13066	01	03	16	17	20	32	07	89	14.83	19	3	3	0	1	1	3	3	0	6	8	1	1	31	13	0	0	2
1	13069	07	16	17	18	30	33	06	121	20.17	31	3	3	0	0	1	4	2	2	5	9	2	1	26	12	0	1	0
1	13077	09	14	23	24	26	29	03	125	20.83	35	3	3	0	0	1	4	2	2	4	7	1	1	20	9	0	5	3
1	13082	04	13	14	20	22	30	06	103	17.17	13	1	5	-4	0	3	3	3	0	4	6	1	1	26	9	0	2	4
1	13083	05	06	12	14	19	23	09	79	13.17	29	3	3	0	1	2	2	4	-2	6	8	1	1	18	6	0	1	5
1	13095	01	06	15	19	28	29	10	98	16.33	38	4	2	2	1	0	3	3	0	5	7	1	1	28	9	0	0	3
1	13099	05	11	20	21	26	31	03	114	19.00	14	4	2	2	1	0	4	2	2	4	6	1	1	26	9	0	2	2
1	13104	01	02	04	15	17	28	11	67	11.17	27	3	3	0	1	1	2	4	-2	6	6	1	1	27	11	0	2	2
1	13111	01	02	03	06	08	33	13	53	8.83	23	3	3	0	0	1	1	5	-4	5	7	2	1	32	25	0	0	1
1	13112	01	06	12	13	22	31	07	85	14.17	15	3	3	0	0	1	2	4	-2	4	9	1	1	30	9	1	2	1
1	13113	04	07	11	17	24	33	09	96	16.00	26	4	2	2	2	0	3	3	0	4	8	0	0	29	9	0	0	2
1	13115	03	12	16	17	18	27	08	93	15.50	33	3	3	0	0	1	3	3	0	5	7	2	1	24	9	0	1	3
1	13117	09	12	13	24	27	33	16	118	19.67	28	4	2	2	1	0	3	3	0	5	8	1	1	24	11	1	2	3
1	13119	05	15	20	22	26	32	09	120	20.00	20	2	4	-2	1	3	4	2	2	4	7	0	0	27	10	1	2	1
1	13125	04	06	08	18	25	28	16	89	14.83	39	1	5	-4	0	3	3	3	0	4	8	0	0	24	10	1	1	2
1	13129	05	06	10	14	27	31	14	93	15.50	23	3	3	0	1	2	2	4	-2	6	6	1	1	26	13	1	1	2
1	13130	01	03	15	16	31	33	08	99	16.50	19	5	1	4	3	0	2	4	-2	4	7	1	1	32	15	0	1	1
1	13131	04	06	12	17	19	26	09	84	14.00	34	2	4	-2	1	2	3	3	0	5	7	0	0	22	7	0	0	2
1	13133	04	07	12	19	22	25	01	89	14.83	29	3	3	0	0	0	3	3	0	5	6	0	0	21	7	0	2	2
1	13134	01	17	18	19	25	29	10	109	18.17	39	5	1	4	3	0	5	1	4	5	9	2	1	28	16	1	2	1
1	13140	01	05	12	13	21	22	10	74	12.33	14	4	2	2	2	0	2	4	-2	4	7	2	2	21	8	2	2	2
1	13141	03	04	05	25	30	31	04	98	16.33	18	4	2	2	1	0	3	3	0	5	6	3	2	28	20	0	1	1
1	13146	08	20	25	30	32	33	01	148	24.67	18	2	4	-2	0	2	5	1	4	5	8	1	1	25	12	0	0	1
1	13147	02	15	16	17	19	30	08	99	16.50	29	3	3	0	1	0	3	3	0	6	5	2	1	28	13	0	1	1
1	13151	03	09	10	19	28	33	09	102	17.00	32	4	2	2	1	0	3	3	0	4	9	1	1	30	9	0	0	1
1	13153	08	11	13	18	28	33	10	111	18.50	31	3	3	0	1	1	3	3	0	3	5	0	0	25	10	0	1	2
1	13154	07	11	14	19	24	29	05	104	17.33	34	4	2	2	1	0	3	3	0	4	7	0	0	22	5	1	1	4
1	14012	01	08	11	19	21	24	08	84	14.00	24	4	2	2	2	0	3	3	0	4	7	0	0	23	8	1	1	2
1	14028	06	16	21	27	30	32	05	132	22.00	22	2	4	-2	1	2	4	2	2	5	8	0	0	26	10	1	2	2
1	14029	02	07	14	16	21	29	14	89	14.83	29	3	3	0	1	1	2	4	-2	6	7	0	0	27	8	0	2	2
1	14031	04	10	16	17	21	27	14	95	15.83	25	3	3	0	2	2	3	3	0	5	6	1	1	23	6	0	0	1
1	14033	05	13	23	28	32	33	12	134	22.33	24	4	2	2	2	1	4	2	2	4	8	1	1	28	10	1	1	4
1	14036	01	07	08	09	11	22	03	58	9.67	28	4	2	2	2	0	1	5	-4	5	8	2	1	21	11	0	3	3
1	14038	04	07	22	23	24	33	16	113	18.83	23	3	3	0	0	0	4	2	2	4	9	2	1	29	15	0	1	3
1	14040	03	04	06	11	12	15	08	51	8.50	21	3	3	0	0	1	0	6	-6	6	6	2	2	12	5	1	3	2
1	14045	02	04	09	11	19	22	15	67	11.17	27	3	3	0	2	1	2	4	-2	4	8	0	0	20	8	0	2	1
1	14046	02	10	11	17	18	22	10	80	13.33	20	2	4	-2	1	2	3	3	0	5	7	2	2	20	8	2	3	2
1	14061	02	14	17	27	28	31	08	119	19.83	29	3	3	0	1	1	4	2	2	5	8	1	1	29	12	0	1	2
1	14065	03	04	05	08	10	22	06	52	8.67	22	2	4	-2	0	2	1	5	-4	6	7	2	1	19	12	0	0	3
1	14067	01	06	07	17	18	23	06	72	12.00	32	4	2	2	1	0	3	3	0	5	4	2	2	22	10	2	2	4
1	14068	04	12	13	22	27	29	16	107	17.83	27	3	3	0	1	1	3	3	0	5	9	1	1	25	9	0	0	1
1	14071	02	04	12	17	22	25	14	82	13.67	22	2	4	-2	0	2	3	3	0	4	6	0	0	23	8	0	0	1
1	14074	01	03	06	13	30	31	12	84	14.00	14	4	2	2	1	0	2	4	-2	4	10	1	1	30	17	2	2	2
1	14075	03	09	11	22	27	29	06	101	16.83	31	5	1	4	3	0	3	3	0	5	8	0	0	26	11	0	1	1
1	14076	06	10	12	17	18	33	11	96	16.00	26	2	4	-2	0	2	3	3	0	6	9	1	1	27	15	0	0	2
1	14077	08	09	12	15	19	22	10	85	14.17	35	3	3	0	1	0	2	4	-2	4	4	1	1	14	4	1	1	2
1	14086	02	04	10	12	14	30	08	72	12.00	12	0	6	-6	0	5	1	5	-4	3	6	0	0	28	16	0	1	4
1	14087	06	18	22	23	32	33	06	134	22.33	24	2	4	-2	0	2	5	1	4	4	8	2	2	27	12	0	0	0
1	14089	04	06	14	17	27	30	09	98	16.33	28	2	4	-2	1	2	3	3	0	4	6	0	0	26	10	1	2	3
1	14092	03	13	18	19	22	26	07	101	16.83	31	3	3	0	1	1	4	2	2	5	9	1	1	23	10	1	1	3
1	14093	02	08	09	10	20	29	05	78	13.00	28	2	4	-2	0	2	2	4	-2	4	9	2	1	27	10	0	0	2
1	14101	16	18	20	23	24	32	07	133	22.17	23	1	5	-4	0	3	5	1	4	6	7	1	1	16	8	0	1	0
1	14103	03	08	09	10	18	33	04	81	13.50	31	3	3	0	0	1	2	4	-2	4	8	2	1	30	15	0	0	0
1	14104	02	06	12	19	27	28	13	94	15.67	34	2	4	-2	1	2	3	3	0	5	10	1	1	26	8	0	0	2
1	14109	02	05	11	15	19	28	02	80	13.33	30	4	2	2	3	0	2	4	-2	5	6	0	0	26	9	1	1	2
1	14110	01	08	11	13	19	30	06	82	13.67	22	4	2	2	2	0	2	4	-2	5	9	0	0	29	11	2	2	1
1	14116	09	10	14	15	19	29	16	96	16.00	36	4	2	2	2	1	2	4	-2	4	5	2	2	20	10	0	2	3
1	14117	05	10	17	25	28	29	04	114	19.00	34	4	2	2	1	0	4	2	2	5	9	1	1	24	8	2	2	2
1	14119	06	13	17	20	26	29	09	111	18.50	31	3	3	0	1	1	4	2	2	5	7	0	0	23	7	1	1	3
1	14121	01	02	13	22	28	30	09	96	16.00	16	2	4	-2	0	2	3	3	0	5	10	1	1	29	11	1	2	3
1	14124	02	17	20	24	31	33	04	127	21.17	17	3	3	0	1	1	5	1	4	6	9	0	0	31	15	1	2	1
1	14130	01	02	10	24	30	33	10	100	16.67	10	2	4	-2	0	3	3	3	0	5	8	1	1	32	14	0	0	2
1	14132	05	06	14	15	18	33	08	91	15.17	31	3	3	0	0	1	2	4	-2	5	8	2	2	28	15	1	1	3
1	14139	01	14	15	20	25	29	11	104	17.33	24	4	2	2	1	0	3	3	0	5	8	1	1	28	13	0	1	1
1	14140	06	10	11	14	17	33	06	91	15.17	21	3	3	0	1	1	2	4	-2	6	8	1	1	27	16	0	1	1
1	14141	08	09	11	16	21	24	10	89	14.83	29	3	3	0	1	0	2	4	-2	5	6	1	1	16	5	1	1	3
1	14152	08	13	15	20	21	25	12	102	17.00	22	4	2	2	2	0	3	3	0	5	6	1	1	17	5	1	2	1
1	15003	10	15	20	23	24	31	15	123	20.50	13	3	3	0	0	0	4	2	2	5	8	1	1	21	7	1	1	3
1	15012	03	05	22	23	29	31	06	113	18.83	23	5	1	4	3	0	4	2	2	5	8	1	1	28	17	0	0	2
1	15016	02	06	10	15	17	31	13	81	13.50	21	3	3	0	2	2	2	4	-2	6	9	0	0	29	14	0	0	2
1	15024	09	11	16	18	23	24	10	101	16.83	31	3	3	0	1	1	3	3	0	6	6	1	1	15	5	0	1	2
1	15028	04	07	10	26	27	28	14	102	17.00	32	2	4	-2	0	1	3	3	0	5	8	2	1	24	16	1	2	4
1	15032	11	14	16	18	29	32	16	120	20.00	30	2	4	-2	0	2	3	3	0	6	7	0	0	21	11	1	1	0
1	15035	01	08	09	22	24	33	03	97	16.17	27	3	3	0	0	1	3	3	0	6	10	1	1	32	13	0	0	0
1	15037	05	07	12	18	28	31	03	101	16.83	31	3	3	0	1	2	3	3	0	5	9	0	0	26	10	0	0	3
1	15045	01	05	13	22	30	31	07	102	17.00	12	4	2	2	2	1	3	3	0	5	7	1	1	30	9	0	1	3
1	15049	07	12	14	17	20	23	05	93	15.50	23	3	3	0	0	1	3	3	0	5	6	0	0	16	5	0	1	4
1	15052	02	04	11	16	25	26	12	84	14.00	24	2	4	-2	0	1	2	4	-2	5	8	1	1	24	9	0	2	2
1	15053	03	07	17	22	32	33	10	114	19.00	24	4	2	2	2	1	4	2	2	3	8	1	1	30	10	0	0	2
1	15056	01	07	08	16	18	20	14	70	11.67	30	2	4	-2	1	3	2	4	-2	5	9	1	1	19	8	1	2	3
1	15059	02	06	09	16	25	32	14	90	15.00	30	2	4	-2	0	1	2	4	-2	4	6	0	0	30	9	1	2	1
1	15060	01	03	18	27	31	32	13	112	18.67	22	4	2	2	2	0	4	2	2	5	10	1	1	31	15	1	1	3
1	15064	11	12	14	17	23	27	01	104	17.33	24	4	2	2	2	1	3	3	0	5	8	1	1	16	6	0	0	2
1	15068	06	15	18	21	26	27	10	113	18.83	33	3	3	0	0	0	4	2	2	5	6	1	1	21	9	0	0	2
1	15070	01	07	13	19	21	29	15	90	15.00	30	6	0	6	5	0	3	3	0	4	6	0	0	28	8	1	2	2
1	15077	01	06	08	10	13	27	16	65	10.83	25	3	3	0	1	2	1	5	-4	6	7	0	0	26	14	2	3	2
1	15089	12	14	19	27	28	29	01	129	21.50	39	3	3	0	1	1	4	2	2	5	7	2	1	17	8	0	2	2
1	15092	09	15	19	21	26	27	01	117	19.50	37	5	1	4	3	0	4	2	2	5	7	1	1	18	6	0	1	1
1	15097	09	12	14	20	26	27	04	108	18.00	28	2	4	-2	0	3	3	3	0	6	9	1	1	18	6	0	0	0
1	15108	02	12	19	22	24	27	15	106	17.67	26	2	4	-2	0	2	4	2	2	4	7	0	0	25	10	0	0	3
1	15122	05	07	11	16	22	25	07	86	14.33	26	4	2	2	2	1	2	4	-2	5	7	0	0	20	6	0	0	1
1	15126	10	11	15	20	23	29	12	108	18.00	18	4	2	2	2	0	3	3	0	5	8	1	1	19	6	0	0	2
1	15127	07	10	19	22	27	33	06	118	19.67	28	4	2	2	1	0	4	2	2	5	8	0	0	26	9	0	1	3
1	15131	10	12	13	19	22	26	03	102	17.00	22	2	4	-2	1	2	3	3	0	5	7	1	1	16	6	0	1	1
1	15135	01	12	14	18	26	32	07	103	17.17	23	1	5	-4	0	4	3	3	0	5	8	0	0	31	11	1	1	4
1	15140	06	20	28	29	30	31	12	144	24.00	24	2	4	-2	0	2	5	1	4	5	7	3	1	25	14	0	0	1
1	16002	09	14	17	20	24	30	16	114	19.00	24	2	4	-2	0	2	4	2	2	4	7	0	0	21	6	0	1	2
1	16005	11	14	18	20	31	33	14	127	21.17	17	3	3	0	1	2	4	2	2	5	8	0	0	22	11	1	1	2
1	16006	13	16	18	20	28	31	12	126	21.00	26	2	4	-2	0	3	4	2	2	5	7	0	0	18	8	2	3	1
1	16015	01	02	14	22	25	26	07	90	15.00	20	2	4	-2	0	2	3	3	0	5	7	2	2	25	12	0	1	2
1	16019	06	13	16	17	23	30	10	105	17.50	25	3	3	0	1	0	3	3	0	4	6	1	1	24	7	2	2	2
1	16022	04	09	19	22	23	30	07	107	17.83	27	3	3	0	1	0	4	2	2	5	10	1	1	26	10	1	2	1
1	16023	03	06	10	19	25	29	07	92	15.33	32	4	2	2	2	1	3	3	0	5	8	0	0	26	9	0	1	3
1	16024	02	05	07	14	18	31	13	77	12.83	27	3	3	0	1	1	2	4	-2	6	9	0	0	29	13	0	0	4
1	16026	04	09	12	28	30	33	01	116	19.33	26	2	4	-2	0	2	3	3	0	6	6	0	0	29	16	2	3	1
1	16032	08	12	14	15	21	27	15	97	16.17	27	3	3	0	2	2	2	4	-2	6	6	1	1	19	6	0	1	1
1	16062	12	13	15	18	19	21	09	98	16.33	28	4	2	2	2	0	3	3	0	6	4	2	2	9	3	1	1	2
1	16068	08	19	23	28	31	32	01	141	23.50	31	3	3	0	1	0	5	1	4	5	8	1	1	24	11	0	1	4
1	16085	01	12	19	20	21	25	16	98	16.33	18	4	2	2	1	0	4	2	2	5	9	2	1	24	11	0	1	3
1	16086	09	10	11	12	15	32	05	89	14.83	19	3	3	0	0	0	1	5	-4	5	6	3	1	23	17	0	1	1
1	16087	02	03	10	11	14	21	12	61	10.17	11	3	3	0	0	0	1	5	-4	5	6	2	2	19	7	0	2	3
1	16099	01	11	21	23	27	33	06	116	19.33	16	6	0	6	5	0	4	2	2	3	5	0	0	32	10	0	0	2
1	16107	06	11	18	26	27	32	01	120	20.00	30	2	4	-2	0	1	4	2	2	5	8	1	1	26	8	0	0	2
1	16109	09	11	15	16	27	33	05	111	18.50	31	5	1	4	3	0	2	4	-2	6	8	1	1	24	11	0	0	2
1	16111	02	04	07	14	15	32	04	74	12.33	24	2	4	-2	0	1	1	5	-4	4	10	1	1	30	17	0	2	2
1	16115	06	08	20	22	26	27	09	109	18.17	29	1	5	-4	0	4	4	2	2	5	8	1	1	21	12	2	3	2
1	17001	09	11	14	20	25	26	15	105	17.50	25	3	3	0	1	1	3	3	0	6	7	1	1	17	6	1	2	2
1	17007	02	04	05	24	26	33	15	94	15.67	24	2	4	-2	0	2	3	3	0	5	8	1	1	31	19	3	4	1
1	17017	03	07	08	10	22	23	12	73	12.17	23	3	3	0	1	2	2	4	-2	5	8	2	2	20	12	0	2	2
1	17021	02	05	10	22	32	33	09	104	17.33	14	2	4	-2	0	2	3	3	0	4	10	1	1	31	12	2	2	2
1	17030	01	07	09	20	23	30	02	90	15.00	20	4	2	2	2	0	3	3	0	5	10	0	0	29	11	1	2	2
1	17032	05	08	15	24	27	31	11	110	18.33	30	4	2	2	1	0	3	3	0	5	6	0	0	26	9	1	1	3
1	17035	01	06	14	24	28	32	12	105	17.50	25	1	5	-4	0	4	3	3	0	5	7	0	0	31	10	0	1	2
1	17037	11	15	20	22	25	30	05	123	20.50	13	3	3	0	1	1	4	2	2	4	7	0	0	19	5	0	0	2
1	17042	01	02	04	07	10	23	04	47	7.83	17	3	3	0	0	1	1	5	-4	6	7	1	1	22	13	0	2	1
1	17044	08	16	19	21	31	32	06	127	21.17	27	3	3	0	2	1	4	2	2	5	8	1	1	24	10	1	3	1
1	17047	02	05	08	10	32	33	02	90	15.00	20	2	4	-2	0	2	2	4	-2	5	9	1	1	31	22	0	1	2
1	17048	05	08	09	14	15	19	07	70	11.67	40	4	2	2	1	0	1	5	-4	4	5	2	2	14	5	0	2	1
1	17049	01	08	14	15	20	29	10	87	14.50	27	3	3	0	0	1	2	4	-2	6	7	1	1	28	9	1	3	4
1	17065	02	05	08	10	12	21	07	58	9.67	18	2	4	-2	0	2	1	5	-4	5	8	0	0	19	9	1	2	1
1	17066	01	04	06	17	19	26	03	73	12.17	33	3	3	0	1	1	3	3	0	5	8	0	0	25	11	0	0	3
1	17067	01	03	04	10	18	29	04	65	10.83	25	3	3	0	1	2	2	4	-2	6	10	1	1	28	11	1	2	2
1	17068	02	06	10	22	30	31	15	101	16.83	11	1	5	-4	0	4	3	3	0	4	7	1	1	29	12	0	1	2
1	17069	02	11	12	23	29	31	05	108	18.00	18	4	2	2	2	0	3	3	0	4	10	1	1	29	11	2	2	4
1	17073	03	06	16	23	26	30	14	104	17.33	24	2	4	-2	0	2	3	3	0	3	6	0	0	27	10	3	4	0
1	17074	02	06	16	23	30	31	02	108	18.00	18	2	4	-2	0	2	3	3	0	5	8	1	1	29	10	3	4	2
1	17079	03	07	14	23	25	27	08	99	16.50	29	5	1	4	3	0	3	3	0	4	6	0	0	24	9	1	1	2
1	17091	05	07	10	23	28	29	03	102	17.00	32	4	2	2	1	0	3	3	0	6	8	1	1	24	13	2	2	1
1	17092	10	18	19	29	32	33	09	141	23.50	31	3	3	0	1	1	5	1	4	5	8	2	2	23	10	0	2	1
1	17095	09	10	12	19	22	29	16	101	16.83	31	3	3	0	0	1	3	3	0	3	6	1	1	20	7	1	1	4
1	17122	11	20	21	22	24	27	15	125	20.83	15	3	3	0	0	1	5	1	4	5	7	2	1	16	9	3	3	2
1	17129	05	06	09	14	21	33	02	88	14.67	28	4	2	2	1	0	2	4	-2	6	9	1	1	28	12	1	1	3
1	17132	02	03	05	09	13	28	11	60	10.00	30	4	2	2	3	0	1	5	-4	5	9	1	1	26	15	0	0	3
1	17134	04	05	11	14	28	32	04	94	15.67	24	2	4	-2	1	2	2	4	-2	5	10	1	1	28	14	0	0	2
1	17138	01	17	24	28	32	33	02	135	22.50	25	3	3	0	1	2	5	1	4	6	8	1	1	32	16	0	0	2
1	17142	08	13	14	18	23	33	06	109	18.17	29	3	3	0	1	1	3	3	0	3	5	1	1	25	10	0	1	2
